!MOLECULE
        HD          
!MOLECULAR WEIGHT
   3.0
!NUMBER OF ENERGY LEVELS
   9
!LEVEL + ENERGIES(cm^-1) + WEIGHT
    1      0.0000    1.0
    2     88.9650    3.0
    3    266.8949    5.0
    4    532.3997    7.0
    5    883.3943    9.0
    6   1317.0986   11.0
    7   1832.1223   13.0
    8   2424.2954   15.0
    9   3089.4476   17.0
!NUMBER OF RADIATIVE TRANSITIONS
     8
!TRANS + UP + LOW + EINSTEINA(s^-1) + FREQ(GHz) + E_u(K)
     1    2    1  5.100E-08      2667.1026959      128.00
     2    3    2  4.900E-07      5334.2053918      384.00
     3    4    3  1.700E-06      7959.6346081      766.00
     4    5    4  4.100E-06     10522.5536049     1271.00
     5    6    5  7.900E-06     13002.1256425     1895.00
     6    7    6  1.300E-05     15440.0242005     2636.00
     7    8    7  2.000E-05     17752.9023196     3488.00
     8    9    8  2.900E-04     19940.7599998     4445.00
!NUMBER OF COLL PARTNERS
4
!COLLISIONS BETWEEN
5 HD + H         
!NUMBER OF COLL TRANS
   36
!NUMBER OF COLL TEMPS
 40
!COLL TEMPS
     5.0    10.0    20.0    30.0    40.0    50.0    60.0    70.0    80.0    90.0   100.0   150.0   200.0   250.0   300.0   350.0   400.0   450.0   500.0   550.0   600.0   650.0   700.0   750.0   800.0   850.0   900.0   950.0  1000.0  2000.0  3000.0  4000.0  5000.0  6000.0  7000.0  8000.0  9000.0 10000.0 12500.0 15000.0
!TRANS + UP + LOW + COLLRATES(cm^3 s^-1)
     1     2     1  3.916E-11  3.968E-11  4.071E-11  4.173E-11  4.276E-11  4.378E-11  4.480E-11  4.582E-11  4.683E-11  4.784E-11  4.885E-11  5.380E-11  5.861E-11  6.326E-11  6.775E-11  7.206E-11  7.620E-11  8.016E-11  8.395E-11  8.756E-11  9.102E-11  9.432E-11  9.746E-11  1.005E-10  1.033E-10  1.061E-10  1.087E-10  1.112E-10  1.136E-10  1.451E-10  1.605E-10  1.694E-10  1.751E-10  1.790E-10  1.819E-10  1.840E-10  1.857E-10  1.871E-10  1.896E-10  1.913E-10
     2     3     1  2.305E-12  2.358E-12  2.464E-12  2.572E-12  2.681E-12  2.793E-12  2.905E-12  3.020E-12  3.135E-12  3.252E-12  3.371E-12  3.979E-12  4.609E-12  5.256E-12  5.911E-12  6.572E-12  7.231E-12  7.887E-12  8.537E-12  9.177E-12  9.805E-12  1.042E-11  1.102E-11  1.161E-11  1.218E-11  1.274E-11  1.328E-11  1.380E-11  1.431E-11  2.173E-11  2.579E-11  2.825E-11  2.986E-11  3.100E-11  3.183E-11  3.247E-11  3.298E-11  3.339E-11  3.413E-11  3.463E-11
     3     3     2  4.800E-11  4.869E-11  5.005E-11  5.141E-11  5.277E-11  5.413E-11  5.548E-11  5.682E-11  5.816E-11  5.949E-11  6.081E-11  6.732E-11  7.361E-11  7.964E-11  8.541E-11  9.090E-11  9.611E-11  1.011E-10  1.057E-10  1.101E-10  1.143E-10  1.182E-10  1.220E-10  1.255E-10  1.288E-10  1.319E-10  1.348E-10  1.376E-10  1.402E-10  1.717E-10  1.844E-10  1.907E-10  1.942E-10  1.964E-10  1.978E-10  1.988E-10  1.995E-10  2.000E-10  2.009E-10  2.014E-10
     4     4     1  1.615E-13  1.656E-13  1.740E-13  1.828E-13  1.918E-13  2.010E-13  2.105E-13  2.203E-13  2.304E-13  2.407E-13  2.513E-13  3.084E-13  3.722E-13  4.429E-13  5.203E-13  6.041E-13  6.943E-13  7.905E-13  8.926E-13  1.000E-12  1.113E-12  1.231E-12  1.354E-12  1.480E-12  1.611E-12  1.746E-12  1.884E-12  2.026E-12  2.170E-12  5.350E-12  8.443E-12  1.112E-11  1.337E-11  1.526E-11  1.685E-11  1.820E-11  1.936E-11  2.037E-11  2.238E-11  2.387E-11
     5     4     2  2.945E-12  3.010E-12  3.142E-12  3.276E-12  3.413E-12  3.551E-12  3.691E-12  3.834E-12  3.978E-12  4.124E-12  4.272E-12  5.035E-12  5.832E-12  6.656E-12  7.499E-12  8.355E-12  9.220E-12  1.009E-11  1.096E-11  1.182E-11  1.268E-11  1.353E-11  1.436E-11  1.519E-11  1.600E-11  1.680E-11  1.758E-11  1.835E-11  1.910E-11  3.089E-11  3.820E-11  4.300E-11  4.636E-11  4.883E-11  5.072E-11  5.221E-11  5.341E-11  5.440E-11  5.624E-11  5.753E-11
     6     4     3  4.639E-11  4.708E-11  4.845E-11  4.982E-11  5.119E-11  5.255E-11  5.392E-11  5.528E-11  5.664E-11  5.799E-11  5.934E-11  6.599E-11  7.246E-11  7.872E-11  8.475E-11  9.053E-11  9.605E-11  1.013E-10  1.063E-10  1.111E-10  1.156E-10  1.199E-10  1.240E-10  1.278E-10  1.315E-10  1.350E-10  1.383E-10  1.414E-10  1.444E-10  1.814E-10  1.975E-10  2.059E-10  2.109E-10  2.142E-10  2.164E-10  2.180E-10  2.192E-10  2.202E-10  2.218E-10  2.228E-10
     7     5     1  2.005E-14  2.052E-14  2.150E-14  2.252E-14  2.358E-14  2.469E-14  2.584E-14  2.705E-14  2.830E-14  2.960E-14  3.096E-14  3.856E-14  4.769E-14  5.852E-14  7.125E-14  8.607E-14  1.032E-13  1.228E-13  1.451E-13  1.702E-13  1.984E-13  2.297E-13  2.645E-13  3.028E-13  3.447E-13  3.904E-13  4.400E-13  4.937E-13  5.514E-13  2.620E-12  6.207E-12  1.070E-11  1.555E-11  2.042E-11  2.513E-11  2.958E-11  3.375E-11  3.761E-11  4.605E-11  5.300E-11
     8     5     2  1.945E-13  1.995E-13  2.097E-13  2.203E-13  2.313E-13  2.426E-13  2.542E-13  2.662E-13  2.786E-13  2.913E-13  3.044E-13  3.754E-13  4.559E-13  5.462E-13  6.462E-13  7.560E-13  8.757E-13  1.005E-12  1.144E-12  1.292E-12  1.449E-12  1.615E-12  1.789E-12  1.972E-12  2.162E-12  2.360E-12  2.565E-12  2.776E-12  2.994E-12  8.174E-12  1.372E-11  1.882E-11  2.328E-11  2.713E-11  3.045E-11  3.331E-11  3.581E-11  3.800E-11  4.241E-11  4.576E-11
     9     5     3  2.876E-12  2.940E-12  3.069E-12  3.200E-12  3.334E-12  3.470E-12  3.608E-12  3.747E-12  3.889E-12  4.033E-12  4.178E-12  4.931E-12  5.720E-12  6.538E-12  7.378E-12  8.235E-12  9.103E-12  9.978E-12  1.086E-11  1.173E-11  1.261E-11  1.347E-11  1.433E-11  1.518E-11  1.602E-11  1.684E-11  1.765E-11  1.845E-11  1.923E-11  3.181E-11  3.987E-11  4.528E-11  4.912E-11  5.197E-11  5.417E-11  5.591E-11  5.732E-11  5.849E-11  6.069E-11  6.223E-11
    10     5     4  4.045E-11  4.111E-11  4.241E-11  4.372E-11  4.504E-11  4.635E-11  4.767E-11  4.899E-11  5.030E-11  5.162E-11  5.293E-11  5.945E-11  6.587E-11  7.213E-11  7.820E-11  8.407E-11  8.972E-11  9.513E-11  1.003E-10  1.053E-10  1.100E-10  1.145E-10  1.188E-10  1.229E-10  1.268E-10  1.305E-10  1.341E-10  1.374E-10  1.406E-10  1.815E-10  1.998E-10  2.096E-10  2.155E-10  2.193E-10  2.220E-10  2.240E-10  2.255E-10  2.267E-10  2.287E-10  2.300E-10
    11     6     1  2.462E-15  2.543E-15  2.713E-15  2.892E-15  3.080E-15  3.278E-15  3.486E-15  3.705E-15  3.934E-15  4.175E-15  4.427E-15  5.876E-15  7.674E-15  9.870E-15  1.252E-14  1.567E-14  1.938E-14  2.369E-14  2.866E-14  3.435E-14  4.078E-14  4.802E-14  5.610E-14  6.505E-14  7.493E-14  8.575E-14  9.754E-14  1.103E-13  1.242E-13  6.237E-13  1.478E-12  2.524E-12  3.634E-12  4.731E-12  5.777E-12  6.757E-12  7.664E-12  8.501E-12  1.031E-11  1.179E-11
    12     6     2  1.862E-14  1.933E-14  2.080E-14  2.236E-14  2.400E-14  2.573E-14  2.754E-14  2.945E-14  3.145E-14  3.354E-14  3.573E-14  4.823E-14  6.349E-14  8.177E-14  1.033E-13  1.282E-13  1.567E-13  1.889E-13  2.249E-13  2.648E-13  3.086E-13  3.563E-13  4.079E-13  4.634E-13  5.227E-13  5.858E-13  6.526E-13  7.230E-13  7.969E-13  2.824E-12  5.316E-12  7.771E-12  1.001E-11  1.199E-11  1.373E-11  1.526E-11  1.660E-11  1.779E-11  2.022E-11  2.207E-11
    13     6     3  1.651E-13  1.706E-13  1.819E-13  1.936E-13  2.058E-13  2.184E-13  2.315E-13  2.451E-13  2.592E-13  2.737E-13  2.887E-13  3.709E-13  4.650E-13  5.707E-13  6.877E-13  8.155E-13  9.535E-13  1.101E-12  1.258E-12  1.422E-12  1.594E-12  1.773E-12  1.958E-12  2.149E-12  2.344E-12  2.543E-12  2.747E-12  2.953E-12  3.161E-12  7.386E-12  1.098E-11  1.381E-11  1.604E-11  1.781E-11  1.924E-11  2.043E-11  2.142E-11  2.227E-11  2.390E-11  2.508E-11
    14     6     4  2.376E-12  2.439E-12  2.566E-12  2.697E-12  2.830E-12  2.966E-12  3.104E-12  3.245E-12  3.389E-12  3.534E-12  3.682E-12  4.450E-12  5.258E-12  6.096E-12  6.954E-12  7.824E-12  8.698E-12  9.569E-12  1.043E-11  1.129E-11  1.212E-11  1.294E-11  1.374E-11  1.452E-11  1.528E-11  1.601E-11  1.673E-11  1.741E-11  1.808E-11  2.735E-11  3.198E-11  3.455E-11  3.614E-11  3.719E-11  3.793E-11  3.847E-11  3.889E-11  3.921E-11  3.978E-11  4.014E-11
    15     6     5  3.267E-11  3.335E-11  3.472E-11  3.609E-11  3.748E-11  3.887E-11  4.027E-11  4.167E-11  4.308E-11  4.448E-11  4.589E-11  5.293E-11  5.987E-11  6.663E-11  7.314E-11  7.937E-11  8.528E-11  9.087E-11  9.613E-11  1.011E-10  1.057E-10  1.099E-10  1.139E-10  1.176E-10  1.211E-10  1.243E-10  1.272E-10  1.299E-10  1.324E-10  1.566E-10  1.608E-10  1.604E-10  1.589E-10  1.573E-10  1.557E-10  1.543E-10  1.531E-10  1.521E-10  1.499E-10  1.484E-10
    16     7     1  2.542E-16  2.662E-16  2.916E-16  3.189E-16  3.483E-16  3.799E-16  4.138E-16  4.501E-16  4.889E-16  5.305E-16  5.749E-16  8.442E-16  1.207E-15  1.683E-15  2.297E-15  3.072E-15  4.035E-15  5.213E-15  6.635E-15  8.328E-15  1.032E-14  1.264E-14  1.532E-14  1.838E-14  2.186E-14  2.577E-14  3.014E-14  3.499E-14  4.034E-14  2.713E-13  7.306E-13  1.340E-12  2.018E-12  2.710E-12  3.385E-12  4.028E-12  4.631E-12  5.193E-12  6.425E-12  7.442E-12
    17     7     2  3.143E-15  3.266E-15  3.524E-15  3.797E-15  4.086E-15  4.392E-15  4.715E-15  5.057E-15  5.417E-15  5.796E-15  6.195E-15  8.514E-15  1.143E-14  1.503E-14  1.940E-14  2.462E-14  3.076E-14  3.791E-14  4.613E-14  5.549E-14  6.605E-14  7.786E-14  9.097E-14  1.054E-13  1.212E-13  1.384E-13  1.571E-13  1.772E-13  1.987E-13  9.131E-13  2.006E-12  3.241E-12  4.478E-12  5.651E-12  6.733E-12  7.720E-12  8.616E-12  9.427E-12  1.114E-11  1.251E-11
    18     7     3  1.672E-14  1.735E-14  1.867E-14  2.006E-14  2.153E-14  2.308E-14  2.471E-14  2.642E-14  2.822E-14  3.011E-14  3.210E-14  4.348E-14  5.754E-14  7.460E-14  9.493E-14  1.188E-13  1.465E-13  1.782E-13  2.141E-13  2.544E-13  2.993E-13  3.488E-13  4.030E-13  4.621E-13  5.259E-13  5.947E-13  6.682E-13  7.466E-13  8.299E-13  3.350E-12  6.833E-12  1.053E-11  1.408E-11  1.735E-11  2.029E-11  2.293E-11  2.530E-11  2.742E-11  3.183E-11  3.527E-11
    19     7     4  1.286E-13  1.332E-13  1.428E-13  1.528E-13  1.633E-13  1.742E-13  1.856E-13  1.974E-13  2.097E-13  2.224E-13  2.356E-13  3.088E-13  3.939E-13  4.909E-13  5.996E-13  7.196E-13  8.503E-13  9.913E-13  1.142E-12  1.301E-12  1.469E-12  1.644E-12  1.826E-12  2.013E-12  2.206E-12  2.404E-12  2.607E-12  2.812E-12  3.021E-12  7.296E-12  1.096E-11  1.383E-11  1.608E-11  1.787E-11  1.932E-11  2.051E-11  2.151E-11  2.235E-11  2.398E-11  2.516E-11
    20     7     5  1.813E-12  1.862E-12  1.964E-12  2.067E-12  2.174E-12  2.282E-12  2.393E-12  2.506E-12  2.622E-12  2.739E-12  2.859E-12  3.486E-12  4.155E-12  4.856E-12  5.584E-12  6.330E-12  7.087E-12  7.852E-12  8.617E-12  9.381E-12  1.014E-11  1.089E-11  1.162E-11  1.235E-11  1.306E-11  1.375E-11  1.443E-11  1.509E-11  1.574E-11  2.531E-11  3.060E-11  3.377E-11  3.583E-11  3.727E-11  3.832E-11  3.911E-11  3.974E-11  4.024E-11  4.114E-11  4.174E-11
    21     7     6  2.640E-11  2.697E-11  2.811E-11  2.927E-11  3.043E-11  3.161E-11  3.279E-11  3.398E-11  3.518E-11  3.638E-11  3.759E-11  4.367E-11  4.975E-11  5.577E-11  6.166E-11  6.737E-11  7.288E-11  7.816E-11  8.320E-11  8.800E-11  9.255E-11  9.686E-11  1.009E-10  1.048E-10  1.084E-10  1.118E-10  1.150E-10  1.180E-10  1.208E-10  1.523E-10  1.622E-10  1.656E-10  1.667E-10  1.670E-10  1.668E-10  1.665E-10  1.662E-10  1.658E-10  1.650E-10  1.642E-10
    22     8     1  8.436E-17  8.814E-17  9.612E-17  1.047E-16  1.139E-16  1.238E-16  1.343E-16  1.457E-16  1.578E-16  1.707E-16  1.844E-16  2.678E-16  3.796E-16  5.265E-16  7.157E-16  9.553E-16  1.254E-15  1.621E-15  2.065E-15  2.597E-15  3.226E-15  3.963E-15  4.819E-15  5.803E-15  6.925E-15  8.196E-15  9.625E-15  1.122E-14  1.299E-14  9.460E-14  2.696E-13  5.142E-13  7.967E-13  1.093E-12  1.389E-12  1.674E-12  1.946E-12  2.202E-12  2.772E-12  3.250E-12
    23     8     2  4.392E-16  4.573E-16  4.954E-16  5.363E-16  5.800E-16  6.268E-16  6.767E-16  7.299E-16  7.867E-16  8.471E-16  9.115E-16  1.298E-15  1.814E-15  2.488E-15  3.354E-15  4.451E-15  5.818E-15  7.501E-15  9.545E-15  1.200E-14  1.492E-14  1.835E-14  2.236E-14  2.699E-14  3.230E-14  3.835E-14  4.518E-14  5.287E-14  6.145E-14  4.839E-13  1.465E-12  2.916E-12  4.662E-12  6.551E-12  8.477E-12  1.038E-11  1.221E-11  1.396E-11  1.791E-11  2.128E-11
    24     8     3  3.542E-15  3.670E-15  3.936E-15  4.217E-15  4.514E-15  4.828E-15  5.159E-15  5.508E-15  5.875E-15  6.261E-15  6.668E-15  9.019E-15  1.197E-14  1.561E-14  2.003E-14  2.534E-14  3.162E-14  3.896E-14  4.746E-14  5.721E-14  6.829E-14  8.078E-14  9.476E-14  1.103E-13  1.274E-13  1.462E-13  1.668E-13  1.891E-13  2.132E-13  1.084E-12  2.562E-12  4.356E-12  6.245E-12  8.102E-12  9.864E-12  1.151E-11  1.303E-11  1.442E-11  1.743E-11  1.987E-11
    25     8     4  1.413E-14  1.468E-14  1.583E-14  1.705E-14  1.833E-14  1.969E-14  2.113E-14  2.264E-14  2.423E-14  2.591E-14  2.767E-14  3.785E-14  5.055E-14  6.611E-14  8.482E-14  1.070E-13  1.329E-13  1.628E-13  1.970E-13  2.356E-13  2.788E-13  3.267E-13  3.796E-13  4.376E-13  5.005E-13  5.687E-13  6.420E-13  7.205E-13  8.042E-13  3.440E-12  7.242E-12  1.138E-11  1.542E-11  1.918E-11  2.261E-11  2.569E-11  2.847E-11  3.098E-11  3.622E-11  4.033E-11
    26     8     5  1.050E-13  1.086E-13  1.161E-13  1.240E-13  1.322E-13  1.407E-13  1.496E-13  1.589E-13  1.686E-13  1.786E-13  1.890E-13  2.469E-13  3.150E-13  3.936E-13  4.829E-13  5.830E-13  6.938E-13  8.152E-13  9.471E-13  1.089E-12  1.241E-12  1.402E-12  1.572E-12  1.751E-12  1.938E-12  2.133E-12  2.335E-12  2.543E-12  2.758E-12  7.779E-12  1.291E-11  1.743E-11  2.125E-11  2.447E-11  2.719E-11  2.950E-11  3.149E-11  3.321E-11  3.663E-11  3.919E-11
    27     8     6  1.344E-12  1.382E-12  1.459E-12  1.539E-12  1.622E-12  1.706E-12  1.792E-12  1.880E-12  1.971E-12  2.063E-12  2.157E-12  2.656E-12  3.196E-12  3.772E-12  4.379E-12  5.010E-12  5.661E-12  6.327E-12  7.005E-12  7.689E-12  8.377E-12  9.066E-12  9.754E-12  1.044E-11  1.112E-11  1.179E-11  1.245E-11  1.311E-11  1.375E-11  2.418E-11  3.076E-11  3.507E-11  3.807E-11  4.026E-11  4.192E-11  4.322E-11  4.427E-11  4.513E-11  4.672E-11  4.782E-11
    28     8     7  2.082E-11  2.128E-11  2.220E-11  2.314E-11  2.409E-11  2.505E-11  2.602E-11  2.700E-11  2.798E-11  2.898E-11  2.998E-11  3.506E-11  4.023E-11  4.543E-11  5.059E-11  5.569E-11  6.069E-11  6.555E-11  7.028E-11  7.485E-11  7.925E-11  8.349E-11  8.755E-11  9.145E-11  9.518E-11  9.875E-11  1.022E-10  1.054E-10  1.085E-10  1.481E-10  1.652E-10  1.738E-10  1.787E-10  1.817E-10  1.837E-10  1.851E-10  1.861E-10  1.868E-10  1.880E-10  1.887E-10
    29     9     1  1.808E-17  1.885E-17  2.049E-17  2.225E-17  2.414E-17  2.618E-17  2.837E-17  3.072E-17  3.324E-17  3.594E-17  3.883E-17  5.657E-17  8.097E-17  1.139E-16  1.577E-16  2.149E-16  2.885E-16  3.819E-16  4.989E-16  6.437E-16  8.208E-16  1.035E-15  1.292E-15  1.597E-15  1.956E-15  2.375E-15  2.860E-15  3.418E-15  4.055E-15  4.348E-14  1.580E-13  3.542E-13  6.152E-13  9.188E-13  1.246E-12  1.582E-12  1.918E-12  2.248E-12  3.022E-12  3.709E-12
    30     9     2  8.952E-17  9.348E-17  1.019E-16  1.109E-16  1.206E-16  1.311E-16  1.423E-16  1.544E-16  1.673E-16  1.812E-16  1.960E-16  2.868E-16  4.112E-16  5.782E-16  7.985E-16  1.084E-15  1.448E-15  1.907E-15  2.476E-15  3.174E-15  4.019E-15  5.033E-15  6.236E-15  7.650E-15  9.299E-15  1.121E-14  1.340E-14  1.589E-14  1.872E-14  1.776E-13  5.957E-13  1.266E-12  2.115E-12  3.070E-12  4.072E-12  5.081E-12  6.073E-12  7.032E-12  9.242E-12  1.117E-11
    31     9     3  4.772E-16  4.959E-16  5.352E-16  5.772E-16  6.221E-16  6.701E-16  7.213E-16  7.759E-16  8.342E-16  8.962E-16  9.622E-16  1.359E-15  1.889E-15  2.586E-15  3.486E-15  4.633E-15  6.074E-15  7.862E-15  1.005E-14  1.271E-14  1.590E-14  1.968E-14  2.413E-14  2.933E-14  3.535E-14  4.226E-14  5.015E-14  5.910E-14  6.918E-14  6.156E-13  2.022E-12  4.258E-12  7.085E-12  1.026E-11  1.358E-11  1.694E-11  2.023E-11  2.342E-11  3.076E-11  3.717E-11
    32     9     4  2.596E-15  2.695E-15  2.901E-15  3.121E-15  3.353E-15  3.600E-15  3.862E-15  4.138E-15  4.431E-15  4.740E-15  5.066E-15  6.977E-15  9.423E-15  1.250E-14  1.630E-14  2.094E-14  2.651E-14  3.314E-14  4.093E-14  4.998E-14  6.041E-14  7.232E-14  8.580E-14  1.010E-13  1.179E-13  1.367E-13  1.574E-13  1.801E-13  2.049E-13  1.182E-12  2.995E-12  5.321E-12  7.861E-12  1.043E-11  1.291E-11  1.526E-11  1.745E-11  1.949E-11  2.395E-11  2.761E-11
    33     9     5  1.089E-14  1.133E-14  1.223E-14  1.320E-14  1.422E-14  1.530E-14  1.645E-14  1.766E-14  1.893E-14  2.028E-14  2.170E-14  2.998E-14  4.046E-14  5.345E-14  6.930E-14  8.831E-14  1.108E-13  1.371E-13  1.674E-13  2.021E-13  2.414E-13  2.854E-13  3.345E-13  3.888E-13  4.484E-13  5.134E-13  5.840E-13  6.603E-13  7.422E-13  3.525E-12  7.882E-12  1.288E-11  1.793E-11  2.275E-11  2.722E-11  3.132E-11  3.504E-11  3.843E-11  4.561E-11  5.133E-11
    34     9     6  8.385E-14  8.656E-14  9.216E-14  9.802E-14  1.041E-13  1.105E-13  1.172E-13  1.241E-13  1.314E-13  1.389E-13  1.467E-13  1.906E-13  2.427E-13  3.038E-13  3.743E-13  4.546E-13  5.453E-13  6.466E-13  7.587E-13  8.817E-13  1.016E-12  1.161E-12  1.317E-12  1.485E-12  1.663E-12  1.851E-12  2.051E-12  2.260E-12  2.480E-12  8.476E-12  1.593E-11  2.340E-11  3.030E-11  3.647E-11  4.195E-11  4.678E-11  5.106E-11  5.486E-11  6.268E-11  6.871E-11
    35     9     7  9.489E-13  9.755E-13  1.030E-12  1.086E-12  1.143E-12  1.203E-12  1.264E-12  1.326E-12  1.390E-12  1.456E-12  1.523E-12  1.883E-12  2.280E-12  2.712E-12  3.175E-12  3.668E-12  4.186E-12  4.727E-12  5.289E-12  5.868E-12  6.463E-12  7.070E-12  7.688E-12  8.314E-12  8.947E-12  9.585E-12  1.023E-11  1.087E-11  1.152E-11  2.353E-11  3.285E-11  3.983E-11  4.514E-11  4.929E-11  5.260E-11  5.531E-11  5.755E-11  5.944E-11  6.308E-11  6.568E-11
    36     9     8  1.638E-11  1.673E-11  1.744E-11  1.816E-11  1.889E-11  1.963E-11  2.038E-11  2.113E-11  2.190E-11  2.267E-11  2.346E-11  2.747E-11  3.163E-11  3.589E-11  4.022E-11  4.458E-11  4.895E-11  5.331E-11  5.764E-11  6.192E-11  6.614E-11  7.029E-11  7.436E-11  7.836E-11  8.226E-11  8.608E-11  8.980E-11  9.344E-11  9.698E-11  1.507E-10  1.823E-10  2.024E-10  2.162E-10  2.261E-10  2.337E-10  2.395E-10  2.443E-10  2.481E-10  2.553E-10  2.602E-10
!COLLISIONS BETWEEN
6 HD + He        
!NUMBER OF COLL TRANS
   36
!NUMBER OF COLL TEMPS
 40
!COLL TEMPS
     5.0    10.0    20.0    30.0    40.0    50.0    60.0    70.0    80.0    90.0   100.0   150.0   200.0   250.0   300.0   350.0   400.0   450.0   500.0   550.0   600.0   650.0   700.0   750.0   800.0   850.0   900.0   950.0  1000.0  2000.0  3000.0  4000.0  5000.0  6000.0  7000.0  8000.0  9000.0 10000.0 12500.0 15000.0
!TRANS + UP + LOW + COLLRATES(cm^3 s^-1)
     1     2     1  5.590E-11  5.613E-11  5.658E-11  5.703E-11  5.747E-11  5.791E-11  5.834E-11  5.876E-11  5.918E-11  5.959E-11  5.999E-11  6.193E-11  6.373E-11  6.542E-11  6.699E-11  6.847E-11  6.985E-11  7.115E-11  7.238E-11  7.353E-11  7.462E-11  7.565E-11  7.662E-11  7.755E-11  7.842E-11  7.925E-11  8.005E-11  8.080E-11  8.152E-11  9.107E-11  9.597E-11  9.893E-11  1.009E-10  1.023E-10  1.034E-10  1.042E-10  1.049E-10  1.055E-10  1.065E-10  1.072E-10
     2     3     1  1.104E-11  1.110E-11  1.121E-11  1.132E-11  1.143E-11  1.153E-11  1.164E-11  1.174E-11  1.184E-11  1.194E-11  1.204E-11  1.250E-11  1.293E-11  1.333E-11  1.370E-11  1.405E-11  1.437E-11  1.467E-11  1.495E-11  1.522E-11  1.546E-11  1.569E-11  1.591E-11  1.612E-11  1.631E-11  1.649E-11  1.667E-11  1.683E-11  1.699E-11  1.896E-11  1.989E-11  2.043E-11  2.078E-11  2.103E-11  2.121E-11  2.135E-11  2.146E-11  2.154E-11  2.171E-11  2.182E-11
     3     3     2  7.788E-11  7.825E-11  7.898E-11  7.970E-11  8.041E-11  8.111E-11  8.180E-11  8.248E-11  8.315E-11  8.381E-11  8.446E-11  8.758E-11  9.048E-11  9.320E-11  9.574E-11  9.811E-11  1.003E-10  1.024E-10  1.044E-10  1.063E-10  1.080E-10  1.097E-10  1.112E-10  1.127E-10  1.141E-10  1.154E-10  1.167E-10  1.179E-10  1.190E-10  1.342E-10  1.418E-10  1.464E-10  1.494E-10  1.516E-10  1.532E-10  1.545E-10  1.555E-10  1.563E-10  1.578E-10  1.588E-10
     4     4     1  4.642E-12  4.683E-12  4.764E-12  4.844E-12  4.924E-12  5.004E-12  5.083E-12  5.161E-12  5.239E-12  5.317E-12  5.394E-12  5.771E-12  6.135E-12  6.486E-12  6.824E-12  7.150E-12  7.463E-12  7.763E-12  8.053E-12  8.331E-12  8.598E-12  8.855E-12  9.102E-12  9.340E-12  9.569E-12  9.790E-12  1.000E-11  1.021E-11  1.040E-11  1.323E-11  1.483E-11  1.586E-11  1.657E-11  1.709E-11  1.748E-11  1.779E-11  1.805E-11  1.825E-11  1.864E-11  1.891E-11
     5     4     2  1.501E-11  1.512E-11  1.534E-11  1.555E-11  1.576E-11  1.597E-11  1.618E-11  1.639E-11  1.659E-11  1.679E-11  1.699E-11  1.796E-11  1.889E-11  1.976E-11  2.059E-11  2.138E-11  2.213E-11  2.285E-11  2.353E-11  2.418E-11  2.479E-11  2.538E-11  2.594E-11  2.648E-11  2.699E-11  2.748E-11  2.794E-11  2.839E-11  2.882E-11  3.471E-11  3.786E-11  3.979E-11  4.111E-11  4.205E-11  4.277E-11  4.333E-11  4.378E-11  4.414E-11  4.483E-11  4.530E-11
     6     4     3  7.588E-11  7.630E-11  7.713E-11  7.795E-11  7.876E-11  7.956E-11  8.035E-11  8.112E-11  8.189E-11  8.265E-11  8.339E-11  8.698E-11  9.033E-11  9.348E-11  9.642E-11  9.919E-11  1.018E-10  1.042E-10  1.066E-10  1.087E-10  1.108E-10  1.127E-10  1.146E-10  1.163E-10  1.180E-10  1.195E-10  1.210E-10  1.225E-10  1.238E-10  1.418E-10  1.509E-10  1.563E-10  1.600E-10  1.626E-10  1.645E-10  1.660E-10  1.672E-10  1.682E-10  1.700E-10  1.712E-10
     7     5     1  1.299E-12  1.315E-12  1.347E-12  1.379E-12  1.411E-12  1.443E-12  1.476E-12  1.508E-12  1.540E-12  1.573E-12  1.605E-12  1.767E-12  1.929E-12  2.089E-12  2.248E-12  2.406E-12  2.561E-12  2.713E-12  2.863E-12  3.011E-12  3.155E-12  3.296E-12  3.434E-12  3.569E-12  3.701E-12  3.830E-12  3.956E-12  4.079E-12  4.199E-12  6.083E-12  7.288E-12  8.111E-12  8.704E-12  9.152E-12  9.502E-12  9.782E-12  1.001E-11  1.020E-11  1.057E-11  1.082E-11
     8     5     2  5.426E-12  5.485E-12  5.603E-12  5.721E-12  5.838E-12  5.956E-12  6.073E-12  6.191E-12  6.308E-12  6.424E-12  6.541E-12  7.119E-12  7.688E-12  8.246E-12  8.793E-12  9.327E-12  9.848E-12  1.036E-11  1.085E-11  1.133E-11  1.180E-11  1.225E-11  1.270E-11  1.313E-11  1.354E-11  1.395E-11  1.434E-11  1.472E-11  1.509E-11  2.068E-11  2.408E-11  2.633E-11  2.792E-11  2.911E-11  3.003E-11  3.076E-11  3.136E-11  3.185E-11  3.279E-11  3.344E-11
     9     5     3  1.354E-11  1.365E-11  1.389E-11  1.412E-11  1.436E-11  1.459E-11  1.481E-11  1.504E-11  1.527E-11  1.549E-11  1.572E-11  1.681E-11  1.786E-11  1.887E-11  1.984E-11  2.078E-11  2.167E-11  2.253E-11  2.336E-11  2.415E-11  2.491E-11  2.565E-11  2.635E-11  2.702E-11  2.767E-11  2.830E-11  2.890E-11  2.948E-11  3.003E-11  3.795E-11  4.239E-11  4.520E-11  4.714E-11  4.855E-11  4.963E-11  5.048E-11  5.116E-11  5.172E-11  5.277E-11  5.350E-11
    10     5     4  6.770E-11  6.814E-11  6.902E-11  6.988E-11  7.074E-11  7.159E-11  7.243E-11  7.326E-11  7.408E-11  7.489E-11  7.569E-11  7.955E-11  8.320E-11  8.665E-11  8.990E-11  9.298E-11  9.588E-11  9.863E-11  1.012E-10  1.037E-10  1.061E-10  1.083E-10  1.104E-10  1.124E-10  1.143E-10  1.162E-10  1.179E-10  1.196E-10  1.212E-10  1.426E-10  1.537E-10  1.605E-10  1.651E-10  1.683E-10  1.708E-10  1.727E-10  1.742E-10  1.755E-10  1.778E-10  1.794E-10
    11     6     1  3.941E-13  4.003E-13  4.128E-13  4.254E-13  4.382E-13  4.511E-13  4.641E-13  4.772E-13  4.904E-13  5.037E-13  5.172E-13  5.857E-13  6.562E-13  7.283E-13  8.016E-13  8.759E-13  9.508E-13  1.026E-12  1.102E-12  1.177E-12  1.253E-12  1.328E-12  1.402E-12  1.477E-12  1.550E-12  1.623E-12  1.695E-12  1.766E-12  1.836E-12  3.038E-12  3.896E-12  4.519E-12  4.987E-12  5.350E-12  5.639E-12  5.874E-12  6.069E-12  6.233E-12  6.548E-12  6.774E-12
    12     6     2  1.568E-12  1.591E-12  1.637E-12  1.684E-12  1.731E-12  1.779E-12  1.827E-12  1.875E-12  1.923E-12  1.972E-12  2.021E-12  2.270E-12  2.523E-12  2.781E-12  3.040E-12  3.301E-12  3.563E-12  3.825E-12  4.086E-12  4.345E-12  4.602E-12  4.857E-12  5.110E-12  5.360E-12  5.606E-12  5.849E-12  6.089E-12  6.325E-12  6.557E-12  1.043E-11  1.311E-11  1.503E-11  1.645E-11  1.754E-11  1.840E-11  1.910E-11  1.968E-11  2.017E-11  2.110E-11  2.176E-11
    13     6     3  4.320E-12  4.374E-12  4.484E-12  4.594E-12  4.705E-12  4.816E-12  4.927E-12  5.038E-12  5.150E-12  5.262E-12  5.373E-12  5.934E-12  6.495E-12  7.054E-12  7.609E-12  8.158E-12  8.700E-12  9.235E-12  9.761E-12  1.028E-11  1.079E-11  1.128E-11  1.177E-11  1.225E-11  1.271E-11  1.317E-11  1.362E-11  1.405E-11  1.448E-11  2.119E-11  2.552E-11  2.848E-11  3.062E-11  3.223E-11  3.350E-11  3.451E-11  3.534E-11  3.603E-11  3.735E-11  3.827E-11
    14     6     4  1.164E-11  1.176E-11  1.199E-11  1.223E-11  1.246E-11  1.270E-11  1.293E-11  1.316E-11  1.339E-11  1.362E-11  1.385E-11  1.498E-11  1.608E-11  1.716E-11  1.820E-11  1.922E-11  2.020E-11  2.115E-11  2.207E-11  2.297E-11  2.383E-11  2.466E-11  2.547E-11  2.625E-11  2.700E-11  2.773E-11  2.844E-11  2.912E-11  2.978E-11  3.951E-11  4.522E-11  4.893E-11  5.153E-11  5.345E-11  5.492E-11  5.609E-11  5.703E-11  5.781E-11  5.928E-11  6.031E-11
    15     6     5  5.755E-11  5.799E-11  5.887E-11  5.974E-11  6.060E-11  6.145E-11  6.230E-11  6.314E-11  6.397E-11  6.479E-11  6.561E-11  6.958E-11  7.337E-11  7.699E-11  8.044E-11  8.373E-11  8.686E-11  8.985E-11  9.271E-11  9.543E-11  9.803E-11  1.005E-10  1.029E-10  1.052E-10  1.074E-10  1.094E-10  1.114E-10  1.134E-10  1.152E-10  1.408E-10  1.547E-10  1.633E-10  1.692E-10  1.735E-10  1.767E-10  1.792E-10  1.813E-10  1.829E-10  1.860E-10  1.882E-10
    16     7     1  1.226E-13  1.251E-13  1.300E-13  1.349E-13  1.400E-13  1.452E-13  1.504E-13  1.558E-13  1.612E-13  1.667E-13  1.723E-13  2.014E-13  2.325E-13  2.652E-13  2.995E-13  3.353E-13  3.723E-13  4.104E-13  4.495E-13  4.894E-13  5.301E-13  5.714E-13  6.131E-13  6.553E-13  6.978E-13  7.406E-13  7.835E-13  8.265E-13  8.695E-13  1.683E-12  2.341E-12  2.854E-12  3.258E-12  3.580E-12  3.843E-12  4.061E-12  4.244E-12  4.399E-12  4.703E-12  4.924E-12
    17     7     2  4.609E-13  4.694E-13  4.865E-13  5.040E-13  5.217E-13  5.396E-13  5.578E-13  5.763E-13  5.950E-13  6.140E-13  6.331E-13  7.325E-13  8.371E-13  9.464E-13  1.060E-12  1.177E-12  1.297E-12  1.419E-12  1.544E-12  1.671E-12  1.799E-12  1.928E-12  2.058E-12  2.188E-12  2.319E-12  2.450E-12  2.580E-12  2.711E-12  2.841E-12  5.210E-12  7.049E-12  8.447E-12  9.529E-12  1.038E-11  1.108E-11  1.165E-11  1.212E-11  1.253E-11  1.331E-11  1.388E-11
    18     7     3  1.251E-12  1.271E-12  1.313E-12  1.356E-12  1.399E-12  1.442E-12  1.486E-12  1.530E-12  1.575E-12  1.620E-12  1.666E-12  1.900E-12  2.142E-12  2.391E-12  2.646E-12  2.906E-12  3.169E-12  3.435E-12  3.704E-12  3.973E-12  4.242E-12  4.512E-12  4.781E-12  5.049E-12  5.315E-12  5.580E-12  5.842E-12  6.103E-12  6.360E-12  1.085E-11  1.413E-11  1.654E-11  1.837E-11  1.980E-11  2.094E-11  2.187E-11  2.264E-11  2.329E-11  2.455E-11  2.545E-11
    19     7     4  3.275E-12  3.322E-12  3.416E-12  3.511E-12  3.607E-12  3.703E-12  3.800E-12  3.897E-12  3.994E-12  4.092E-12  4.191E-12  4.689E-12  5.195E-12  5.705E-12  6.217E-12  6.730E-12  7.243E-12  7.752E-12  8.258E-12  8.760E-12  9.256E-12  9.745E-12  1.023E-11  1.071E-11  1.117E-11  1.164E-11  1.209E-11  1.253E-11  1.297E-11  2.013E-11  2.497E-11  2.837E-11  3.087E-11  3.278E-11  3.429E-11  3.550E-11  3.651E-11  3.734E-11  3.894E-11  4.008E-11
    20     7     5  9.498E-12  9.608E-12  9.828E-12  1.005E-11  1.027E-11  1.049E-11  1.071E-11  1.093E-11  1.115E-11  1.137E-11  1.159E-11  1.268E-11  1.375E-11  1.482E-11  1.586E-11  1.688E-11  1.789E-11  1.886E-11  1.982E-11  2.075E-11  2.166E-11  2.254E-11  2.340E-11  2.424E-11  2.505E-11  2.585E-11  2.662E-11  2.736E-11  2.809E-11  3.916E-11  4.596E-11  5.049E-11  5.371E-11  5.611E-11  5.797E-11  5.945E-11  6.066E-11  6.166E-11  6.355E-11  6.488E-11
    21     7     6  4.770E-11  4.812E-11  4.896E-11  4.979E-11  5.061E-11  5.143E-11  5.225E-11  5.306E-11  5.386E-11  5.466E-11  5.546E-11  5.935E-11  6.311E-11  6.672E-11  7.021E-11  7.356E-11  7.678E-11  7.988E-11  8.285E-11  8.571E-11  8.846E-11  9.110E-11  9.365E-11  9.609E-11  9.844E-11  1.007E-10  1.029E-10  1.050E-10  1.070E-10  1.360E-10  1.523E-10  1.627E-10  1.699E-10  1.752E-10  1.792E-10  1.824E-10  1.849E-10  1.870E-10  1.910E-10  1.937E-10
    22     8     1  3.703E-14  3.790E-14  3.968E-14  4.152E-14  4.339E-14  4.532E-14  4.730E-14  4.932E-14  5.139E-14  5.351E-14  5.568E-14  6.723E-14  7.996E-14  9.382E-14  1.088E-13  1.248E-13  1.418E-13  1.597E-13  1.785E-13  1.982E-13  2.186E-13  2.397E-13  2.614E-13  2.838E-13  3.066E-13  3.300E-13  3.538E-13  3.780E-13  4.026E-13  9.168E-13  1.389E-12  1.784E-12  2.109E-12  2.377E-12  2.601E-12  2.789E-12  2.950E-12  3.089E-12  3.364E-12  3.566E-12
    23     8     2  1.431E-13  1.463E-13  1.528E-13  1.595E-13  1.664E-13  1.734E-13  1.805E-13  1.879E-13  1.953E-13  2.030E-13  2.108E-13  2.520E-13  2.970E-13  3.456E-13  3.975E-13  4.526E-13  5.106E-13  5.714E-13  6.347E-13  7.004E-13  7.682E-13  8.379E-13  9.094E-13  9.825E-13  1.057E-12  1.133E-12  1.209E-12  1.287E-12  1.365E-12  2.956E-12  4.359E-12  5.508E-12  6.440E-12  7.202E-12  7.833E-12  8.362E-12  8.811E-12  9.196E-12  9.955E-12  1.051E-11
    24     8     3  3.604E-13  3.678E-13  3.828E-13  3.982E-13  4.138E-13  4.298E-13  4.460E-13  4.626E-13  4.794E-13  4.965E-13  5.139E-13  6.052E-13  7.030E-13  8.069E-13  9.165E-13  1.031E-12  1.151E-12  1.274E-12  1.401E-12  1.532E-12  1.666E-12  1.802E-12  1.940E-12  2.080E-12  2.221E-12  2.364E-12  2.508E-12  2.652E-12  2.797E-12  5.589E-12  7.903E-12  9.731E-12  1.118E-11  1.234E-11  1.330E-11  1.409E-11  1.476E-11  1.533E-11  1.644E-11  1.725E-11
    25     8     4  9.279E-13  9.451E-13  9.797E-13  1.015E-12  1.051E-12  1.087E-12  1.124E-12  1.161E-12  1.199E-12  1.237E-12  1.276E-12  1.477E-12  1.689E-12  1.910E-12  2.139E-12  2.375E-12  2.618E-12  2.865E-12  3.117E-12  3.373E-12  3.631E-12  3.891E-12  4.153E-12  4.416E-12  4.680E-12  4.943E-12  5.206E-12  5.468E-12  5.730E-12  1.049E-11  1.416E-11  1.695E-11  1.911E-11  2.081E-11  2.219E-11  2.332E-11  2.426E-11  2.507E-11  2.662E-11  2.774E-11
    26     8     5  2.429E-12  2.468E-12  2.546E-12  2.625E-12  2.705E-12  2.786E-12  2.867E-12  2.949E-12  3.032E-12  3.115E-12  3.199E-12  3.628E-12  4.069E-12  4.520E-12  4.980E-12  5.445E-12  5.914E-12  6.385E-12  6.858E-12  7.331E-12  7.802E-12  8.271E-12  8.738E-12  9.201E-12  9.660E-12  1.011E-11  1.056E-11  1.101E-11  1.145E-11  1.891E-11  2.422E-11  2.806E-11  3.094E-11  3.317E-11  3.494E-11  3.638E-11  3.757E-11  3.857E-11  4.050E-11  4.187E-11
    27     8     6  7.611E-12  7.710E-12  7.910E-12  8.111E-12  8.313E-12  8.515E-12  8.717E-12  8.921E-12  9.125E-12  9.329E-12  9.533E-12  1.056E-11  1.159E-11  1.262E-11  1.364E-11  1.465E-11  1.566E-11  1.665E-11  1.762E-11  1.858E-11  1.952E-11  2.045E-11  2.135E-11  2.224E-11  2.311E-11  2.396E-11  2.479E-11  2.561E-11  2.640E-11  3.898E-11  4.710E-11  5.267E-11  5.670E-11  5.975E-11  6.213E-11  6.404E-11  6.560E-11  6.691E-11  6.939E-11  7.114E-11
    28     8     7  3.899E-11  3.937E-11  4.014E-11  4.091E-11  4.168E-11  4.244E-11  4.320E-11  4.395E-11  4.471E-11  4.546E-11  4.621E-11  4.989E-11  5.349E-11  5.698E-11  6.038E-11  6.368E-11  6.688E-11  6.997E-11  7.296E-11  7.586E-11  7.866E-11  8.137E-11  8.399E-11  8.653E-11  8.898E-11  9.134E-11  9.364E-11  9.585E-11  9.800E-11  1.296E-10  1.482E-10  1.602E-10  1.687E-10  1.750E-10  1.798E-10  1.836E-10  1.867E-10  1.892E-10  1.940E-10  1.974E-10
    29     9     1  1.078E-14  1.108E-14  1.168E-14  1.230E-14  1.295E-14  1.362E-14  1.430E-14  1.502E-14  1.575E-14  1.650E-14  1.728E-14  2.150E-14  2.630E-14  3.168E-14  3.764E-14  4.418E-14  5.129E-14  5.897E-14  6.719E-14  7.594E-14  8.520E-14  9.495E-14  1.052E-13  1.158E-13  1.269E-13  1.384E-13  1.502E-13  1.624E-13  1.750E-13  4.645E-13  7.623E-13  1.028E-12  1.257E-12  1.451E-12  1.617E-12  1.759E-12  1.882E-12  1.989E-12  2.204E-12  2.365E-12
    30     9     2  4.074E-14  4.181E-14  4.399E-14  4.625E-14  4.858E-14  5.098E-14  5.345E-14  5.600E-14  5.862E-14  6.131E-14  6.408E-14  7.903E-14  9.585E-14  1.146E-13  1.351E-13  1.575E-13  1.817E-13  2.076E-13  2.352E-13  2.644E-13  2.951E-13  3.273E-13  3.608E-13  3.956E-13  4.317E-13  4.688E-13  5.071E-13  5.463E-13  5.864E-13  1.485E-12  2.378E-12  3.161E-12  3.824E-12  4.382E-12  4.855E-12  5.259E-12  5.606E-12  5.907E-12  6.510E-12  6.960E-12
    31     9     3  1.064E-13  1.090E-13  1.143E-13  1.198E-13  1.254E-13  1.312E-13  1.372E-13  1.433E-13  1.495E-13  1.559E-13  1.625E-13  1.975E-13  2.365E-13  2.791E-13  3.254E-13  3.752E-13  4.284E-13  4.848E-13  5.442E-13  6.064E-13  6.714E-13  7.388E-13  8.085E-13  8.804E-13  9.542E-13  1.030E-12  1.107E-12  1.186E-12  1.266E-12  2.976E-12  4.581E-12  5.942E-12  7.071E-12  8.009E-12  8.794E-12  9.458E-12  1.003E-11  1.052E-11  1.149E-11  1.221E-11
    32     9     4  2.537E-13  2.594E-13  2.710E-13  2.829E-13  2.951E-13  3.076E-13  3.203E-13  3.333E-13  3.466E-13  3.602E-13  3.740E-13  4.473E-13  5.272E-13  6.133E-13  7.054E-13  8.030E-13  9.058E-13  1.013E-12  1.126E-12  1.242E-12  1.362E-12  1.485E-12  1.611E-12  1.740E-12  1.871E-12  2.005E-12  2.140E-12  2.277E-12  2.415E-12  5.206E-12  7.658E-12  9.658E-12  1.128E-11  1.260E-11  1.369E-11  1.461E-11  1.538E-11  1.605E-11  1.736E-11  1.833E-11
    33     9     5  6.583E-13  6.717E-13  6.989E-13  7.266E-13  7.549E-13  7.837E-13  8.130E-13  8.428E-13  8.731E-13  9.039E-13  9.353E-13  1.099E-12  1.274E-12  1.460E-12  1.656E-12  1.860E-12  2.072E-12  2.291E-12  2.516E-12  2.747E-12  2.982E-12  3.222E-12  3.465E-12  3.710E-12  3.959E-12  4.208E-12  4.460E-12  4.712E-12  4.965E-12  9.791E-12  1.375E-11  1.685E-11  1.930E-11  2.126E-11  2.287E-11  2.419E-11  2.531E-11  2.627E-11  2.813E-11  2.949E-11
    34     9     6  1.770E-12  1.801E-12  1.865E-12  1.929E-12  1.994E-12  2.060E-12  2.127E-12  2.195E-12  2.263E-12  2.333E-12  2.403E-12  2.764E-12  3.141E-12  3.533E-12  3.937E-12  4.351E-12  4.774E-12  5.204E-12  5.639E-12  6.079E-12  6.521E-12  6.965E-12  7.411E-12  7.856E-12  8.300E-12  8.743E-12  9.185E-12  9.623E-12  1.006E-11  1.783E-11  2.368E-11  2.806E-11  3.140E-11  3.403E-11  3.614E-11  3.787E-11  3.931E-11  4.053E-11  4.289E-11  4.458E-11
    35     9     7  6.006E-12  6.095E-12  6.272E-12  6.451E-12  6.631E-12  6.813E-12  6.995E-12  7.179E-12  7.364E-12  7.549E-12  7.736E-12  8.682E-12  9.645E-12  1.062E-11  1.160E-11  1.259E-11  1.358E-11  1.456E-11  1.554E-11  1.651E-11  1.748E-11  1.843E-11  1.937E-11  2.030E-11  2.122E-11  2.212E-11  2.301E-11  2.389E-11  2.475E-11  3.897E-11  4.868E-11  5.557E-11  6.065E-11  6.455E-11  6.762E-11  7.011E-11  7.216E-11  7.388E-11  7.717E-11  7.951E-11
    36     9     8  3.161E-11  3.196E-11  3.266E-11  3.337E-11  3.407E-11  3.477E-11  3.547E-11  3.617E-11  3.687E-11  3.756E-11  3.826E-11  4.172E-11  4.514E-11  4.851E-11  5.181E-11  5.505E-11  5.822E-11  6.131E-11  6.433E-11  6.728E-11  7.015E-11  7.294E-11  7.566E-11  7.831E-11  8.088E-11  8.339E-11  8.582E-11  8.819E-11  9.050E-11  1.256E-10  1.473E-10  1.618E-10  1.721E-10  1.799E-10  1.859E-10  1.906E-10  1.945E-10  1.978E-10  2.039E-10  2.082E-10
!COLLISIONS BETWEEN
3 HD + o-H2      
!NUMBER OF COLL TRANS
   36
!NUMBER OF COLL TEMPS
 40
!COLL TEMPS
     5.0    10.0    20.0    30.0    40.0    50.0    60.0    70.0    80.0    90.0   100.0   150.0   200.0   250.0   300.0   350.0   400.0   450.0   500.0   550.0   600.0   650.0   700.0   750.0   800.0   850.0   900.0   950.0  1000.0  2000.0  3000.0  4000.0  5000.0  6000.0  7000.0  8000.0  9000.0 10000.0 12500.0 15000.0
!TRANS + UP + LOW + COLLRATES(cm^3 s^-1)
     1     2     1  7.048E-11  7.095E-11  7.188E-11  7.281E-11  7.373E-11  7.464E-11  7.554E-11  7.644E-11  7.733E-11  7.821E-11  7.908E-11  8.335E-11  8.745E-11  9.138E-11  9.514E-11  9.876E-11  1.022E-10  1.055E-10  1.087E-10  1.118E-10  1.147E-10  1.176E-10  1.203E-10  1.229E-10  1.254E-10  1.278E-10  1.302E-10  1.324E-10  1.346E-10  1.658E-10  1.838E-10  1.953E-10  2.034E-10  2.093E-10  2.139E-10  2.175E-10  2.204E-10  2.228E-10  2.274E-10  2.305E-10
     2     3     1  9.618E-12  9.720E-12  9.925E-12  1.013E-11  1.034E-11  1.054E-11  1.075E-11  1.096E-11  1.116E-11  1.137E-11  1.158E-11  1.262E-11  1.367E-11  1.471E-11  1.575E-11  1.678E-11  1.780E-11  1.881E-11  1.981E-11  2.079E-11  2.176E-11  2.272E-11  2.366E-11  2.459E-11  2.549E-11  2.639E-11  2.726E-11  2.812E-11  2.896E-11  4.273E-11  5.207E-11  5.869E-11  6.360E-11  6.736E-11  7.034E-11  7.275E-11  7.475E-11  7.642E-11  7.962E-11  8.191E-11
     3     3     2  9.232E-11  9.292E-11  9.411E-11  9.530E-11  9.648E-11  9.765E-11  9.882E-11  9.998E-11  1.011E-10  1.023E-10  1.034E-10  1.090E-10  1.145E-10  1.197E-10  1.248E-10  1.298E-10  1.346E-10  1.392E-10  1.437E-10  1.481E-10  1.523E-10  1.563E-10  1.603E-10  1.641E-10  1.678E-10  1.714E-10  1.749E-10  1.783E-10  1.815E-10  2.307E-10  2.606E-10  2.806E-10  2.949E-10  3.056E-10  3.139E-10  3.205E-10  3.259E-10  3.304E-10  3.389E-10  3.449E-10
     4     4     1  1.989E-12  2.019E-12  2.079E-12  2.140E-12  2.202E-12  2.265E-12  2.328E-12  2.392E-12  2.456E-12  2.521E-12  2.587E-12  2.923E-12  3.271E-12  3.631E-12  4.000E-12  4.376E-12  4.759E-12  5.148E-12  5.541E-12  5.936E-12  6.335E-12  6.734E-12  7.134E-12  7.535E-12  7.934E-12  8.333E-12  8.730E-12  9.125E-12  9.517E-12  1.658E-11  2.200E-11  2.611E-11  2.929E-11  3.181E-11  3.384E-11  3.552E-11  3.692E-11  3.811E-11  4.043E-11  4.210E-11
     5     4     2  1.258E-11  1.272E-11  1.302E-11  1.331E-11  1.360E-11  1.390E-11  1.420E-11  1.449E-11  1.479E-11  1.509E-11  1.539E-11  1.690E-11  1.842E-11  1.994E-11  2.146E-11  2.298E-11  2.448E-11  2.598E-11  2.747E-11  2.893E-11  3.039E-11  3.182E-11  3.323E-11  3.462E-11  3.599E-11  3.734E-11  3.866E-11  3.997E-11  4.125E-11  6.237E-11  7.689E-11  8.725E-11  9.495E-11  1.009E-10  1.056E-10  1.094E-10  1.125E-10  1.152E-10  1.203E-10  1.239E-10
     6     4     3  9.280E-11  9.345E-11  9.474E-11  9.602E-11  9.729E-11  9.856E-11  9.982E-11  1.011E-10  1.023E-10  1.035E-10  1.048E-10  1.107E-10  1.165E-10  1.221E-10  1.275E-10  1.326E-10  1.376E-10  1.424E-10  1.471E-10  1.515E-10  1.558E-10  1.600E-10  1.640E-10  1.678E-10  1.716E-10  1.751E-10  1.786E-10  1.820E-10  1.852E-10  2.328E-10  2.608E-10  2.791E-10  2.920E-10  3.016E-10  3.090E-10  3.148E-10  3.196E-10  3.235E-10  3.309E-10  3.361E-10
     7     5     1  3.830E-13  3.908E-13  4.064E-13  4.225E-13  4.388E-13  4.555E-13  4.726E-13  4.899E-13  5.076E-13  5.257E-13  5.440E-13  6.406E-13  7.450E-13  8.568E-13  9.756E-13  1.101E-12  1.233E-12  1.370E-12  1.513E-12  1.660E-12  1.812E-12  1.968E-12  2.128E-12  2.291E-12  2.457E-12  2.625E-12  2.796E-12  2.969E-12  3.143E-12  6.683E-12  9.828E-12  1.242E-11  1.454E-11  1.627E-11  1.772E-11  1.893E-11  1.997E-11  2.086E-11  2.261E-11  2.391E-11
     8     5     2  2.453E-12  2.494E-12  2.578E-12  2.663E-12  2.749E-12  2.836E-12  2.924E-12  3.014E-12  3.104E-12  3.195E-12  3.288E-12  3.765E-12  4.266E-12  4.786E-12  5.325E-12  5.879E-12  6.447E-12  7.027E-12  7.616E-12  8.213E-12  8.817E-12  9.425E-12  1.004E-11  1.065E-11  1.127E-11  1.188E-11  1.250E-11  1.311E-11  1.373E-11  2.498E-11  3.382E-11  4.060E-11  4.589E-11  5.010E-11  5.351E-11  5.632E-11  5.869E-11  6.070E-11  6.460E-11  6.744E-11
     9     5     3  1.152E-11  1.167E-11  1.197E-11  1.228E-11  1.258E-11  1.289E-11  1.320E-11  1.351E-11  1.382E-11  1.413E-11  1.444E-11  1.603E-11  1.763E-11  1.925E-11  2.087E-11  2.249E-11  2.412E-11  2.573E-11  2.733E-11  2.892E-11  3.050E-11  3.205E-11  3.359E-11  3.511E-11  3.660E-11  3.808E-11  3.953E-11  4.096E-11  4.236E-11  6.563E-11  8.168E-11  9.313E-11  1.016E-10  1.082E-10  1.134E-10  1.176E-10  1.211E-10  1.240E-10  1.296E-10  1.336E-10
    10     5     4  8.170E-11  8.238E-11  8.373E-11  8.508E-11  8.642E-11  8.775E-11  8.907E-11  9.039E-11  9.170E-11  9.300E-11  9.429E-11  1.006E-10  1.068E-10  1.127E-10  1.185E-10  1.240E-10  1.294E-10  1.345E-10  1.395E-10  1.443E-10  1.489E-10  1.534E-10  1.577E-10  1.618E-10  1.658E-10  1.697E-10  1.734E-10  1.770E-10  1.805E-10  2.316E-10  2.614E-10  2.807E-10  2.943E-10  3.043E-10  3.121E-10  3.182E-10  3.231E-10  3.272E-10  3.349E-10  3.403E-10
    11     6     1  6.583E-14  6.754E-14  7.105E-14  7.470E-14  7.847E-14  8.238E-14  8.642E-14  9.061E-14  9.493E-14  9.939E-14  1.040E-13  1.293E-13  1.584E-13  1.916E-13  2.290E-13  2.708E-13  3.171E-13  3.680E-13  4.234E-13  4.835E-13  5.482E-13  6.174E-13  6.913E-13  7.696E-13  8.523E-13  9.394E-13  1.031E-12  1.126E-12  1.225E-12  3.840E-12  7.004E-12  1.014E-11  1.303E-11  1.561E-11  1.790E-11  1.993E-11  2.172E-11  2.331E-11  2.658E-11  2.911E-11
    12     6     2  4.089E-13  4.184E-13  4.377E-13  4.577E-13  4.782E-13  4.994E-13  5.212E-13  5.436E-13  5.666E-13  5.902E-13  6.145E-13  7.455E-13  8.930E-13  1.057E-12  1.238E-12  1.437E-12  1.652E-12  1.884E-12  2.133E-12  2.398E-12  2.679E-12  2.976E-12  3.287E-12  3.614E-12  3.954E-12  4.308E-12  4.674E-12  5.053E-12  5.444E-12  1.485E-11  2.515E-11  3.477E-11  4.329E-11  5.072E-11  5.716E-11  6.277E-11  6.767E-11  7.198E-11  8.074E-11  8.740E-11
    13     6     3  1.918E-12  1.956E-12  2.033E-12  2.112E-12  2.192E-12  2.275E-12  2.359E-12  2.444E-12  2.532E-12  2.621E-12  2.712E-12  3.194E-12  3.719E-12  4.286E-12  4.895E-12  5.543E-12  6.228E-12  6.950E-12  7.706E-12  8.495E-12  9.314E-12  1.016E-11  1.104E-11  1.193E-11  1.286E-11  1.380E-11  1.476E-11  1.574E-11  1.673E-11  3.808E-11  5.847E-11  7.604E-11  9.082E-11  1.032E-10  1.137E-10  1.226E-10  1.303E-10  1.369E-10  1.502E-10  1.601E-10
    14     6     4  8.910E-12  9.051E-12  9.336E-12  9.625E-12  9.919E-12  1.022E-11  1.052E-11  1.083E-11  1.114E-11  1.145E-11  1.177E-11  1.342E-11  1.516E-11  1.699E-11  1.890E-11  2.087E-11  2.292E-11  2.502E-11  2.718E-11  2.938E-11  3.163E-11  3.391E-11  3.622E-11  3.856E-11  4.092E-11  4.331E-11  4.570E-11  4.811E-11  5.052E-11  9.740E-11  1.371E-10  1.690E-10  1.947E-10  2.156E-10  2.328E-10  2.473E-10  2.595E-10  2.700E-10  2.906E-10  3.058E-10
    15     6     5  6.222E-11  6.289E-11  6.424E-11  6.560E-11  6.696E-11  6.834E-11  6.972E-11  7.111E-11  7.250E-11  7.390E-11  7.530E-11  8.241E-11  8.964E-11  9.695E-11  1.043E-10  1.118E-10  1.192E-10  1.267E-10  1.341E-10  1.416E-10  1.490E-10  1.563E-10  1.637E-10  1.709E-10  1.781E-10  1.853E-10  1.923E-10  1.993E-10  2.062E-10  3.257E-10  4.135E-10  4.787E-10  5.285E-10  5.676E-10  5.990E-10  6.248E-10  6.463E-10  6.645E-10  6.997E-10  7.251E-10
    16     7     1  1.252E-14  1.289E-14  1.367E-14  1.447E-14  1.531E-14  1.618E-14  1.708E-14  1.802E-14  1.900E-14  2.001E-14  2.105E-14  2.684E-14  3.360E-14  4.139E-14  5.026E-14  6.022E-14  7.131E-14  8.355E-14  9.694E-14  1.115E-13  1.272E-13  1.440E-13  1.619E-13  1.810E-13  2.011E-13  2.223E-13  2.444E-13  2.676E-13  2.917E-13  9.154E-13  1.648E-12  2.356E-12  2.997E-12  3.562E-12  4.058E-12  4.492E-12  4.873E-12  5.210E-12  5.898E-12  6.425E-12
    17     7     2  7.699E-14  7.910E-14  8.342E-14  8.790E-14  9.254E-14  9.733E-14  1.023E-13  1.074E-13  1.127E-13  1.181E-13  1.237E-13  1.542E-13  1.890E-13  2.282E-13  2.718E-13  3.198E-13  3.721E-13  4.289E-13  4.898E-13  5.549E-13  6.241E-13  6.971E-13  7.738E-13  8.542E-13  9.379E-13  1.025E-12  1.115E-12  1.208E-12  1.304E-12  3.563E-12  5.950E-12  8.120E-12  1.000E-11  1.162E-11  1.300E-11  1.419E-11  1.523E-11  1.613E-11  1.795E-11  1.933E-11
    18     7     3  3.561E-13  3.648E-13  3.825E-13  4.007E-13  4.194E-13  4.386E-13  4.583E-13  4.786E-13  4.993E-13  5.205E-13  5.423E-13  6.586E-13  7.873E-13  9.281E-13  1.081E-12  1.245E-12  1.420E-12  1.605E-12  1.799E-12  2.003E-12  2.216E-12  2.436E-12  2.663E-12  2.897E-12  3.138E-12  3.384E-12  3.635E-12  3.890E-12  4.150E-12  9.656E-12  1.478E-11  1.910E-11  2.267E-11  2.563E-11  2.810E-11  3.019E-11  3.197E-11  3.351E-11  3.656E-11  3.882E-11
    19     7     4  1.542E-12  1.575E-12  1.641E-12  1.708E-12  1.777E-12  1.847E-12  1.918E-12  1.991E-12  2.065E-12  2.140E-12  2.216E-12  2.616E-12  3.044E-12  3.499E-12  3.978E-12  4.478E-12  4.997E-12  5.533E-12  6.085E-12  6.649E-12  7.225E-12  7.811E-12  8.404E-12  9.004E-12  9.609E-12  1.022E-11  1.083E-11  1.144E-11  1.206E-11  2.369E-11  3.310E-11  4.041E-11  4.615E-11  5.072E-11  5.444E-11  5.752E-11  6.011E-11  6.231E-11  6.659E-11  6.970E-11
    20     7     5  7.344E-12  7.470E-12  7.724E-12  7.980E-12  8.239E-12  8.501E-12  8.765E-12  9.031E-12  9.300E-12  9.571E-12  9.844E-12  1.124E-11  1.267E-11  1.413E-11  1.562E-11  1.712E-11  1.863E-11  2.014E-11  2.165E-11  2.316E-11  2.466E-11  2.614E-11  2.761E-11  2.907E-11  3.051E-11  3.192E-11  3.332E-11  3.469E-11  3.605E-11  5.844E-11  7.368E-11  8.440E-11  9.228E-11  9.829E-11  1.030E-10  1.068E-10  1.100E-10  1.126E-10  1.176E-10  1.211E-10
    21     7     6  5.144E-11  5.206E-11  5.329E-11  5.452E-11  5.574E-11  5.696E-11  5.818E-11  5.940E-11  6.061E-11  6.181E-11  6.302E-11  6.895E-11  7.475E-11  8.039E-11  8.585E-11  9.115E-11  9.626E-11  1.012E-10  1.059E-10  1.105E-10  1.149E-10  1.192E-10  1.233E-10  1.272E-10  1.310E-10  1.346E-10  1.381E-10  1.415E-10  1.447E-10  1.906E-10  2.157E-10  2.313E-10  2.418E-10  2.495E-10  2.552E-10  2.597E-10  2.633E-10  2.662E-10  2.717E-10  2.755E-10
    22     8     1  1.989E-15  2.060E-15  2.208E-15  2.364E-15  2.528E-15  2.701E-15  2.884E-15  3.076E-15  3.278E-15  3.490E-15  3.713E-15  4.996E-15  6.594E-15  8.553E-15  1.092E-14  1.373E-14  1.703E-14  2.088E-14  2.530E-14  3.033E-14  3.602E-14  4.240E-14  4.949E-14  5.732E-14  6.593E-14  7.532E-14  8.553E-14  9.655E-14  1.084E-13  5.191E-13  1.184E-12  1.968E-12  2.777E-12  3.561E-12  4.297E-12  4.978E-12  5.602E-12  6.173E-12  7.396E-12  8.379E-12
    23     8     2  1.222E-14  1.263E-14  1.347E-14  1.435E-14  1.528E-14  1.625E-14  1.727E-14  1.833E-14  1.945E-14  2.061E-14  2.183E-14  2.874E-14  3.715E-14  4.723E-14  5.913E-14  7.303E-14  8.905E-14  1.073E-13  1.280E-13  1.512E-13  1.770E-13  2.054E-13  2.367E-13  2.707E-13  3.076E-13  3.473E-13  3.900E-13  4.356E-13  4.841E-13  2.009E-12  4.238E-12  6.706E-12  9.148E-12  1.145E-11  1.356E-11  1.548E-11  1.722E-11  1.879E-11  2.211E-11  2.473E-11
    24     8     3  5.419E-14  5.583E-14  5.922E-14  6.275E-14  6.644E-14  7.029E-14  7.429E-14  7.846E-14  8.279E-14  8.729E-14  9.197E-14  1.181E-13  1.490E-13  1.851E-13  2.267E-13  2.742E-13  3.278E-13  3.876E-13  4.540E-13  5.270E-13  6.067E-13  6.933E-13  7.866E-13  8.868E-13  9.938E-13  1.108E-12  1.228E-12  1.355E-12  1.488E-12  5.249E-12  1.013E-11  1.516E-11  1.992E-11  2.424E-11  2.811E-11  3.157E-11  3.465E-11  3.740E-11  4.311E-11  4.756E-11
    25     8     4  2.340E-13  2.404E-13  2.535E-13  2.671E-13  2.812E-13  2.958E-13  3.109E-13  3.266E-13  3.427E-13  3.594E-13  3.766E-13  4.709E-13  5.794E-13  7.028E-13  8.414E-13  9.956E-13  1.166E-12  1.351E-12  1.553E-12  1.771E-12  2.004E-12  2.252E-12  2.515E-12  2.793E-12  3.085E-12  3.391E-12  3.710E-12  4.042E-12  4.387E-12  1.305E-11  2.296E-11  3.243E-11  4.093E-11  4.839E-11  5.491E-11  6.060E-11  6.560E-11  7.000E-11  7.898E-11  8.585E-11
    26     8     5  1.009E-12  1.033E-12  1.083E-12  1.134E-12  1.186E-12  1.240E-12  1.295E-12  1.352E-12  1.410E-12  1.470E-12  1.531E-12  1.861E-12  2.230E-12  2.636E-12  3.082E-12  3.564E-12  4.084E-12  4.640E-12  5.230E-12  5.853E-12  6.509E-12  7.195E-12  7.909E-12  8.652E-12  9.419E-12  1.021E-11  1.103E-11  1.186E-11  1.272E-11  3.206E-11  5.159E-11  6.894E-11  8.378E-11  9.639E-11  1.071E-10  1.163E-10  1.243E-10  1.312E-10  1.451E-10  1.555E-10
    27     8     6  4.992E-12  5.093E-12  5.296E-12  5.504E-12  5.716E-12  5.932E-12  6.152E-12  6.376E-12  6.603E-12  6.835E-12  7.071E-12  8.306E-12  9.632E-12  1.104E-11  1.253E-11  1.409E-11  1.572E-11  1.741E-11  1.915E-11  2.094E-11  2.277E-11  2.465E-11  2.655E-11  2.849E-11  3.044E-11  3.242E-11  3.442E-11  3.643E-11  3.845E-11  7.797E-11  1.115E-10  1.383E-10  1.597E-10  1.771E-10  1.914E-10  2.033E-10  2.133E-10  2.220E-10  2.389E-10  2.513E-10
    28     8     7  3.588E-11  3.641E-11  3.748E-11  3.856E-11  3.965E-11  4.075E-11  4.185E-11  4.296E-11  4.408E-11  4.521E-11  4.635E-11  5.211E-11  5.800E-11  6.400E-11  7.007E-11  7.620E-11  8.235E-11  8.851E-11  9.467E-11  1.008E-10  1.069E-10  1.130E-10  1.190E-10  1.249E-10  1.308E-10  1.367E-10  1.424E-10  1.481E-10  1.537E-10  2.482E-10  3.147E-10  3.627E-10  3.986E-10  4.263E-10  4.483E-10  4.662E-10  4.810E-10  4.935E-10  5.174E-10  5.345E-10
    29     9     1  3.095E-16  3.230E-16  3.516E-16  3.823E-16  4.153E-16  4.507E-16  4.886E-16  5.292E-16  5.727E-16  6.191E-16  6.687E-16  9.695E-16  1.376E-15  1.914E-15  2.614E-15  3.509E-15  4.636E-15  6.034E-15  7.747E-15  9.819E-15  1.230E-14  1.523E-14  1.868E-14  2.268E-14  2.729E-14  3.257E-14  3.856E-14  4.533E-14  5.291E-14  4.383E-13  1.356E-12  2.734E-12  4.405E-12  6.222E-12  8.083E-12  9.923E-12  1.170E-11  1.340E-11  1.726E-11  2.055E-11
    30     9     2  1.917E-15  1.996E-15  2.161E-15  2.338E-15  2.527E-15  2.729E-15  2.944E-15  3.173E-15  3.417E-15  3.676E-15  3.951E-15  5.595E-15  7.763E-15  1.057E-14  1.413E-14  1.860E-14  2.410E-14  3.080E-14  3.885E-14  4.843E-14  5.969E-14  7.282E-14  8.797E-14  1.053E-13  1.250E-13  1.473E-13  1.722E-13  2.000E-13  2.308E-13  1.627E-12  4.607E-12  8.781E-12  1.362E-11  1.870E-11  2.378E-11  2.871E-11  3.341E-11  3.784E-11  4.772E-11  5.603E-11
    31     9     3  8.575E-15  8.900E-15  9.579E-15  1.030E-14  1.107E-14  1.188E-14  1.274E-14  1.364E-14  1.461E-14  1.562E-14  1.669E-14  2.297E-14  3.099E-14  4.108E-14  5.355E-14  6.875E-14  8.703E-14  1.088E-13  1.343E-13  1.640E-13  1.981E-13  2.372E-13  2.814E-13  3.311E-13  3.866E-13  4.481E-13  5.160E-13  5.905E-13  6.718E-13  3.882E-12  9.847E-12  1.751E-11  2.590E-11  3.436E-11  4.257E-11  5.034E-11  5.760E-11  6.435E-11  7.910E-11  9.123E-11
    32     9     4  3.570E-14  3.693E-14  3.948E-14  4.217E-14  4.500E-14  4.798E-14  5.111E-14  5.440E-14  5.785E-14  6.147E-14  6.526E-14  8.701E-14  1.139E-13  1.466E-13  1.858E-13  2.323E-13  2.866E-13  3.494E-13  4.213E-13  5.030E-13  5.948E-13  6.974E-13  8.111E-13  9.364E-13  1.074E-12  1.223E-12  1.385E-12  1.559E-12  1.747E-12  8.116E-12  1.826E-11  3.010E-11  4.226E-11  5.399E-11  6.498E-11  7.512E-11  8.441E-11  9.290E-11  1.110E-10  1.256E-10
    33     9     5  1.476E-13  1.521E-13  1.614E-13  1.711E-13  1.813E-13  1.919E-13  2.029E-13  2.144E-13  2.264E-13  2.388E-13  2.518E-13  3.242E-13  4.105E-13  5.117E-13  6.290E-13  7.634E-13  9.157E-13  1.087E-12  1.277E-12  1.487E-12  1.718E-12  1.969E-12  2.241E-12  2.534E-12  2.849E-12  3.184E-12  3.539E-12  3.916E-12  4.313E-12  1.581E-11  3.121E-11  4.741E-11  6.290E-11  7.713E-11  8.998E-11  1.015E-10  1.118E-10  1.211E-10  1.404E-10  1.554E-10
    34     9     6  6.400E-13  6.568E-13  6.911E-13  7.267E-13  7.635E-13  8.015E-13  8.407E-13  8.813E-13  9.231E-13  9.662E-13  1.011E-12  1.253E-12  1.529E-12  1.842E-12  2.190E-12  2.575E-12  2.998E-12  3.457E-12  3.953E-12  4.486E-12  5.054E-12  5.657E-12  6.294E-12  6.964E-12  7.667E-12  8.399E-12  9.162E-12  9.953E-12  1.077E-11  3.093E-11  5.345E-11  7.469E-11  9.359E-11  1.101E-10  1.245E-10  1.370E-10  1.479E-10  1.575E-10  1.771E-10  1.921E-10
    35     9     7  3.320E-12  3.392E-12  3.539E-12  3.689E-12  3.844E-12  4.001E-12  4.162E-12  4.327E-12  4.495E-12  4.666E-12  4.841E-12  5.767E-12  6.777E-12  7.866E-12  9.032E-12  1.027E-11  1.158E-11  1.295E-11  1.438E-11  1.587E-11  1.740E-11  1.899E-11  2.061E-11  2.227E-11  2.397E-11  2.570E-11  2.746E-11  2.924E-11  3.104E-11  6.816E-11  1.016E-10  1.295E-10  1.522E-10  1.710E-10  1.866E-10  1.998E-10  2.110E-10  2.206E-10  2.397E-10  2.538E-10
    36     9     8  2.497E-11  2.538E-11  2.620E-11  2.702E-11  2.786E-11  2.870E-11  2.955E-11  3.041E-11  3.128E-11  3.216E-11  3.304E-11  3.756E-11  4.222E-11  4.701E-11  5.191E-11  5.688E-11  6.191E-11  6.699E-11  7.209E-11  7.720E-11  8.232E-11  8.743E-11  9.251E-11  9.758E-11  1.026E-10  1.076E-10  1.125E-10  1.174E-10  1.223E-10  2.061E-10  2.669E-10  3.114E-10  3.451E-10  3.713E-10  3.922E-10  4.092E-10  4.233E-10  4.353E-10  4.582E-10  4.747E-10
!COLLISIONS BETWEEN
2 HD + p-H2      
!NUMBER OF COLL TRANS
   36
!NUMBER OF COLL TEMPS
 40
!COLL TEMPS
     5.0    10.0    20.0    30.0    40.0    50.0    60.0    70.0    80.0    90.0   100.0   150.0   200.0   250.0   300.0   350.0   400.0   450.0   500.0   550.0   600.0   650.0   700.0   750.0   800.0   850.0   900.0   950.0  1000.0  2000.0  3000.0  4000.0  5000.0  6000.0  7000.0  8000.0  9000.0 10000.0 12500.0 15000.0
!TRANS + UP + LOW + COLLRATES(cm^3 s^-1)
     1     2     1  6.966E-11  7.011E-11  7.100E-11  7.189E-11  7.276E-11  7.363E-11  7.449E-11  7.534E-11  7.618E-11  7.702E-11  7.785E-11  8.188E-11  8.573E-11  8.941E-11  9.292E-11  9.627E-11  9.948E-11  1.025E-10  1.055E-10  1.083E-10  1.110E-10  1.135E-10  1.160E-10  1.184E-10  1.207E-10  1.228E-10  1.249E-10  1.270E-10  1.289E-10  1.565E-10  1.720E-10  1.818E-10  1.887E-10  1.937E-10  1.975E-10  2.005E-10  2.029E-10  2.049E-10  2.087E-10  2.113E-10
     2     3     1  9.083E-12  9.182E-12  9.381E-12  9.581E-12  9.781E-12  9.982E-12  1.018E-11  1.038E-11  1.059E-11  1.079E-11  1.099E-11  1.201E-11  1.302E-11  1.404E-11  1.505E-11  1.606E-11  1.706E-11  1.805E-11  1.902E-11  1.999E-11  2.094E-11  2.188E-11  2.280E-11  2.370E-11  2.459E-11  2.547E-11  2.633E-11  2.717E-11  2.800E-11  4.151E-11  5.069E-11  5.719E-11  6.201E-11  6.571E-11  6.863E-11  7.100E-11  7.296E-11  7.460E-11  7.775E-11  7.999E-11
     3     3     2  8.961E-11  9.017E-11  9.127E-11  9.237E-11  9.346E-11  9.454E-11  9.562E-11  9.668E-11  9.775E-11  9.880E-11  9.985E-11  1.050E-10  1.099E-10  1.147E-10  1.193E-10  1.238E-10  1.281E-10  1.323E-10  1.363E-10  1.402E-10  1.439E-10  1.475E-10  1.510E-10  1.544E-10  1.576E-10  1.608E-10  1.639E-10  1.668E-10  1.697E-10  2.121E-10  2.375E-10  2.544E-10  2.663E-10  2.752E-10  2.821E-10  2.875E-10  2.920E-10  2.957E-10  3.027E-10  3.076E-10
     4     4     1  1.698E-12  1.724E-12  1.776E-12  1.829E-12  1.883E-12  1.937E-12  1.991E-12  2.046E-12  2.102E-12  2.158E-12  2.215E-12  2.506E-12  2.808E-12  3.119E-12  3.438E-12  3.764E-12  4.095E-12  4.431E-12  4.770E-12  5.112E-12  5.456E-12  5.801E-12  6.147E-12  6.492E-12  6.836E-12  7.180E-12  7.522E-12  7.862E-12  8.200E-12  1.426E-11  1.889E-11  2.239E-11  2.509E-11  2.723E-11  2.895E-11  3.037E-11  3.156E-11  3.257E-11  3.452E-11  3.593E-11
     5     4     2  1.211E-11  1.225E-11  1.252E-11  1.280E-11  1.308E-11  1.336E-11  1.364E-11  1.391E-11  1.420E-11  1.448E-11  1.476E-11  1.617E-11  1.759E-11  1.900E-11  2.042E-11  2.182E-11  2.322E-11  2.460E-11  2.597E-11  2.732E-11  2.865E-11  2.996E-11  3.125E-11  3.253E-11  3.377E-11  3.500E-11  3.621E-11  3.739E-11  3.855E-11  5.755E-11  7.045E-11  7.960E-11  8.637E-11  9.156E-11  9.567E-11  9.900E-11  1.017E-10  1.041E-10  1.085E-10  1.116E-10
     6     4     3  8.940E-11  9.000E-11  9.119E-11  9.237E-11  9.354E-11  9.470E-11  9.585E-11  9.700E-11  9.813E-11  9.926E-11  1.004E-10  1.058E-10  1.111E-10  1.161E-10  1.210E-10  1.257E-10  1.301E-10  1.345E-10  1.386E-10  1.426E-10  1.464E-10  1.501E-10  1.537E-10  1.571E-10  1.604E-10  1.636E-10  1.666E-10  1.696E-10  1.724E-10  2.139E-10  2.381E-10  2.537E-10  2.647E-10  2.728E-10  2.790E-10  2.840E-10  2.880E-10  2.913E-10  2.976E-10  3.019E-10
     7     5     1  3.064E-13  3.125E-13  3.248E-13  3.374E-13  3.503E-13  3.634E-13  3.767E-13  3.903E-13  4.042E-13  4.182E-13  4.325E-13  5.076E-13  5.882E-13  6.740E-13  7.648E-13  8.601E-13  9.596E-13  1.063E-12  1.170E-12  1.280E-12  1.392E-12  1.508E-12  1.625E-12  1.745E-12  1.866E-12  1.989E-12  2.112E-12  2.237E-12  2.363E-12  4.848E-12  6.984E-12  8.711E-12  1.010E-11  1.123E-11  1.217E-11  1.295E-11  1.361E-11  1.418E-11  1.529E-11  1.611E-11
     8     5     2  2.147E-12  2.183E-12  2.255E-12  2.327E-12  2.401E-12  2.476E-12  2.551E-12  2.627E-12  2.704E-12  2.782E-12  2.861E-12  3.266E-12  3.689E-12  4.126E-12  4.577E-12  5.039E-12  5.510E-12  5.989E-12  6.474E-12  6.964E-12  7.458E-12  7.954E-12  8.451E-12  8.949E-12  9.447E-12  9.943E-12  1.044E-11  1.093E-11  1.142E-11  2.024E-11  2.700E-11  3.212E-11  3.606E-11  3.918E-11  4.170E-11  4.377E-11  4.550E-11  4.696E-11  4.981E-11  5.187E-11
     9     5     3  1.123E-11  1.137E-11  1.166E-11  1.194E-11  1.223E-11  1.252E-11  1.281E-11  1.310E-11  1.339E-11  1.368E-11  1.397E-11  1.544E-11  1.692E-11  1.841E-11  1.989E-11  2.136E-11  2.282E-11  2.427E-11  2.571E-11  2.713E-11  2.852E-11  2.990E-11  3.125E-11  3.258E-11  3.389E-11  3.517E-11  3.643E-11  3.767E-11  3.888E-11  5.854E-11  7.171E-11  8.095E-11  8.774E-11  9.293E-11  9.701E-11  1.003E-10  1.030E-10  1.053E-10  1.096E-10  1.127E-10
    10     5     4  7.758E-11  7.820E-11  7.943E-11  8.065E-11  8.187E-11  8.308E-11  8.428E-11  8.547E-11  8.665E-11  8.782E-11  8.899E-11  9.468E-11  1.002E-10  1.054E-10  1.105E-10  1.153E-10  1.200E-10  1.244E-10  1.287E-10  1.328E-10  1.368E-10  1.406E-10  1.442E-10  1.477E-10  1.511E-10  1.543E-10  1.575E-10  1.605E-10  1.634E-10  2.048E-10  2.282E-10  2.431E-10  2.534E-10  2.610E-10  2.668E-10  2.713E-10  2.750E-10  2.781E-10  2.838E-10  2.877E-10
    11     6     1  5.082E-14  5.214E-14  5.486E-14  5.768E-14  6.061E-14  6.364E-14  6.679E-14  7.006E-14  7.343E-14  7.693E-14  8.054E-14  1.005E-13  1.237E-13  1.504E-13  1.809E-13  2.152E-13  2.536E-13  2.961E-13  3.430E-13  3.942E-13  4.498E-13  5.100E-13  5.746E-13  6.437E-13  7.173E-13  7.953E-13  8.777E-13  9.645E-13  1.055E-12  3.606E-12  6.930E-12  1.039E-11  1.367E-11  1.668E-11  1.939E-11  2.182E-11  2.399E-11  2.594E-11  2.999E-11  3.316E-11
    12     6     2  3.284E-13  3.359E-13  3.513E-13  3.671E-13  3.835E-13  4.003E-13  4.177E-13  4.355E-13  4.539E-13  4.728E-13  4.923E-13  5.976E-13  7.169E-13  8.506E-13  9.991E-13  1.163E-12  1.341E-12  1.535E-12  1.744E-12  1.969E-12  2.208E-12  2.462E-12  2.731E-12  3.014E-12  3.310E-12  3.620E-12  3.943E-12  4.278E-12  4.625E-12  1.336E-11  2.345E-11  3.321E-11  4.205E-11  4.988E-11  5.677E-11  6.281E-11  6.814E-11  7.285E-11  8.251E-11  8.994E-11
    13     6     3  1.697E-12  1.730E-12  1.797E-12  1.866E-12  1.936E-12  2.008E-12  2.082E-12  2.157E-12  2.234E-12  2.313E-12  2.393E-12  2.819E-12  3.285E-12  3.792E-12  4.339E-12  4.925E-12  5.548E-12  6.209E-12  6.905E-12  7.634E-12  8.396E-12  9.188E-12  1.001E-11  1.086E-11  1.173E-11  1.263E-11  1.355E-11  1.449E-11  1.546E-11  3.684E-11  5.825E-11  7.725E-11  9.354E-11  1.074E-10  1.192E-10  1.294E-10  1.382E-10  1.459E-10  1.613E-10  1.729E-10
    14     6     4  8.393E-12  8.523E-12  8.787E-12  9.054E-12  9.326E-12  9.601E-12  9.881E-12  1.017E-11  1.045E-11  1.074E-11  1.104E-11  1.258E-11  1.420E-11  1.592E-11  1.771E-11  1.958E-11  2.151E-11  2.351E-11  2.557E-11  2.768E-11  2.984E-11  3.203E-11  3.427E-11  3.654E-11  3.883E-11  4.115E-11  4.350E-11  4.586E-11  4.823E-11  9.528E-11  1.363E-10  1.699E-10  1.972E-10  2.196E-10  2.383E-10  2.539E-10  2.673E-10  2.787E-10  3.014E-10  3.181E-10
    15     6     5  5.824E-11  5.885E-11  6.009E-11  6.133E-11  6.259E-11  6.385E-11  6.512E-11  6.639E-11  6.768E-11  6.897E-11  7.026E-11  7.684E-11  8.354E-11  9.036E-11  9.727E-11  1.042E-10  1.113E-10  1.183E-10  1.254E-10  1.325E-10  1.395E-10  1.466E-10  1.536E-10  1.606E-10  1.676E-10  1.745E-10  1.813E-10  1.881E-10  1.948E-10  3.134E-10  4.026E-10  4.699E-10  5.218E-10  5.628E-10  5.960E-10  6.233E-10  6.461E-10  6.655E-10  7.031E-10  7.304E-10
    16     7     1  9.334E-15  9.606E-15  1.017E-14  1.075E-14  1.135E-14  1.198E-14  1.263E-14  1.330E-14  1.400E-14  1.472E-14  1.546E-14  1.957E-14  2.432E-14  2.974E-14  3.586E-14  4.269E-14  5.023E-14  5.849E-14  6.747E-14  7.716E-14  8.754E-14  9.862E-14  1.104E-13  1.227E-13  1.358E-13  1.494E-13  1.636E-13  1.784E-13  1.937E-13  5.754E-13  1.004E-12  1.409E-12  1.768E-12  2.082E-12  2.354E-12  2.591E-12  2.797E-12  2.979E-12  3.349E-12  3.630E-12
    17     7     2  6.213E-14  6.378E-14  6.714E-14  7.062E-14  7.421E-14  7.791E-14  8.173E-14  8.566E-14  8.971E-14  9.387E-14  9.815E-14  1.213E-13  1.475E-13  1.766E-13  2.087E-13  2.437E-13  2.817E-13  3.224E-13  3.658E-13  4.119E-13  4.604E-13  5.114E-13  5.645E-13  6.199E-13  6.772E-13  7.364E-13  7.974E-13  8.600E-13  9.241E-13  2.377E-12  3.838E-12  5.127E-12  6.224E-12  7.152E-12  7.940E-12  8.614E-12  9.194E-12  9.699E-12  1.071E-11  1.146E-11
    18     7     3  3.031E-13  3.102E-13  3.247E-13  3.396E-13  3.548E-13  3.705E-13  3.865E-13  4.028E-13  4.196E-13  4.367E-13  4.542E-13  5.471E-13  6.490E-13  7.595E-13  8.782E-13  1.005E-12  1.138E-12  1.279E-12  1.426E-12  1.578E-12  1.736E-12  1.899E-12  2.066E-12  2.237E-12  2.412E-12  2.589E-12  2.770E-12  2.953E-12  3.138E-12  6.921E-12  1.029E-11  1.305E-11  1.530E-11  1.714E-11  1.866E-11  1.994E-11  2.102E-11  2.195E-11  2.379E-11  2.514E-11
    19     7     4  1.431E-12  1.460E-12  1.519E-12  1.579E-12  1.640E-12  1.703E-12  1.766E-12  1.830E-12  1.895E-12  1.962E-12  2.029E-12  2.379E-12  2.751E-12  3.143E-12  3.552E-12  3.976E-12  4.413E-12  4.862E-12  5.321E-12  5.787E-12  6.260E-12  6.739E-12  7.221E-12  7.707E-12  8.194E-12  8.682E-12  9.170E-12  9.658E-12  1.014E-11  1.907E-11  2.600E-11  3.127E-11  3.534E-11  3.855E-11  4.114E-11  4.327E-11  4.505E-11  4.656E-11  4.948E-11  5.159E-11
    20     7     5  6.955E-12  7.071E-12  7.303E-12  7.537E-12  7.773E-12  8.011E-12  8.251E-12  8.493E-12  8.736E-12  8.981E-12  9.228E-12  1.048E-11  1.176E-11  1.305E-11  1.436E-11  1.567E-11  1.698E-11  1.829E-11  1.959E-11  2.087E-11  2.215E-11  2.340E-11  2.464E-11  2.586E-11  2.705E-11  2.823E-11  2.939E-11  3.052E-11  3.163E-11  4.950E-11  6.121E-11  6.926E-11  7.509E-11  7.950E-11  8.293E-11  8.569E-11  8.794E-11  8.982E-11  9.338E-11  9.590E-11
    21     7     6  4.852E-11  4.909E-11  5.021E-11  5.132E-11  5.243E-11  5.354E-11  5.464E-11  5.574E-11  5.683E-11  5.792E-11  5.900E-11  6.433E-11  6.948E-11  7.447E-11  7.928E-11  8.390E-11  8.834E-11  9.260E-11  9.668E-11  1.006E-10  1.043E-10  1.079E-10  1.114E-10  1.147E-10  1.178E-10  1.209E-10  1.238E-10  1.265E-10  1.292E-10  1.659E-10  1.851E-10  1.967E-10  2.045E-10  2.100E-10  2.141E-10  2.173E-10  2.198E-10  2.219E-10  2.257E-10  2.283E-10
    22     8     1  1.473E-15  1.523E-15  1.626E-15  1.735E-15  1.850E-15  1.970E-15  2.096E-15  2.228E-15  2.367E-15  2.511E-15  2.662E-15  3.522E-15  4.570E-15  5.828E-15  7.316E-15  9.053E-15  1.106E-14  1.334E-14  1.593E-14  1.883E-14  2.205E-14  2.560E-14  2.950E-14  3.374E-14  3.834E-14  4.330E-14  4.861E-14  5.428E-14  6.031E-14  2.480E-13  5.186E-13  8.155E-13  1.107E-12  1.380E-12  1.631E-12  1.857E-12  2.062E-12  2.247E-12  2.635E-12  2.942E-12
    23     8     2  9.544E-15  9.845E-15  1.047E-14  1.112E-14  1.181E-14  1.252E-14  1.326E-14  1.404E-14  1.485E-14  1.569E-14  1.657E-14  2.149E-14  2.736E-14  3.428E-14  4.231E-14  5.153E-14  6.199E-14  7.374E-14  8.684E-14  1.013E-13  1.172E-13  1.345E-13  1.532E-13  1.734E-13  1.950E-13  2.180E-13  2.425E-13  2.684E-13  2.956E-13  1.080E-12  2.119E-12  3.202E-12  4.231E-12  5.172E-12  6.018E-12  6.775E-12  7.451E-12  8.055E-12  9.313E-12  1.029E-11
    24     8     3  4.616E-14  4.750E-14  5.025E-14  5.311E-14  5.609E-14  5.918E-14  6.238E-14  6.571E-14  6.916E-14  7.273E-14  7.642E-14  9.683E-14  1.206E-13  1.479E-13  1.790E-13  2.139E-13  2.527E-13  2.955E-13  3.423E-13  3.931E-13  4.480E-13  5.068E-13  5.696E-13  6.363E-13  7.068E-13  7.811E-13  8.589E-13  9.402E-13  1.025E-12  3.239E-12  5.876E-12  8.453E-12  1.080E-11  1.289E-11  1.472E-11  1.633E-11  1.775E-11  1.901E-11  2.159E-11  2.357E-11
    25     8     4  2.049E-13  2.103E-13  2.213E-13  2.327E-13  2.444E-13  2.565E-13  2.690E-13  2.820E-13  2.952E-13  3.089E-13  3.230E-13  3.996E-13  4.866E-13  5.841E-13  6.924E-13  8.114E-13  9.411E-13  1.081E-12  1.232E-12  1.393E-12  1.563E-12  1.743E-12  1.933E-12  2.131E-12  2.337E-12  2.552E-12  2.774E-12  3.004E-12  3.240E-12  8.854E-12  1.485E-11  2.034E-11  2.514E-11  2.927E-11  3.282E-11  3.589E-11  3.856E-11  4.090E-11  4.562E-11  4.919E-11
    26     8     5  9.430E-13  9.647E-13  1.009E-12  1.055E-12  1.102E-12  1.150E-12  1.199E-12  1.249E-12  1.301E-12  1.354E-12  1.408E-12  1.697E-12  2.016E-12  2.364E-12  2.741E-12  3.146E-12  3.577E-12  4.034E-12  4.515E-12  5.019E-12  5.544E-12  6.089E-12  6.653E-12  7.234E-12  7.831E-12  8.443E-12  9.068E-12  9.706E-12  1.035E-11  2.431E-11  3.759E-11  4.895E-11  5.845E-11  6.638E-11  7.305E-11  7.871E-11  8.357E-11  8.777E-11  9.613E-11  1.024E-10
    27     8     6  4.700E-12  4.792E-12  4.977E-12  5.165E-12  5.357E-12  5.552E-12  5.751E-12  5.952E-12  6.157E-12  6.365E-12  6.575E-12  7.673E-12  8.840E-12  1.007E-11  1.136E-11  1.269E-11  1.407E-11  1.550E-11  1.695E-11  1.844E-11  1.995E-11  2.148E-11  2.303E-11  2.459E-11  2.616E-11  2.774E-11  2.933E-11  3.092E-11  3.250E-11  6.232E-11  8.629E-11  1.049E-10  1.195E-10  1.311E-10  1.406E-10  1.484E-10  1.550E-10  1.606E-10  1.715E-10  1.795E-10
    28     8     7  3.401E-11  3.450E-11  3.548E-11  3.647E-11  3.746E-11  3.846E-11  3.947E-11  4.048E-11  4.149E-11  4.251E-11  4.354E-11  4.872E-11  5.397E-11  5.927E-11  6.460E-11  6.993E-11  7.524E-11  8.053E-11  8.578E-11  9.098E-11  9.613E-11  1.012E-10  1.062E-10  1.111E-10  1.160E-10  1.208E-10  1.255E-10  1.301E-10  1.346E-10  2.086E-10  2.584E-10  2.934E-10  3.191E-10  3.387E-10  3.542E-10  3.666E-10  3.769E-10  3.855E-10  4.019E-10  4.135E-10
    29     9     1  2.294E-16  2.389E-16  2.589E-16  2.802E-16  3.030E-16  3.273E-16  3.532E-16  3.808E-16  4.102E-16  4.414E-16  4.746E-16  6.731E-16  9.347E-16  1.273E-15  1.704E-15  2.243E-15  2.908E-15  3.717E-15  4.689E-15  5.845E-15  7.204E-15  8.787E-15  1.061E-14  1.271E-14  1.508E-14  1.776E-14  2.077E-14  2.411E-14  2.781E-14  1.950E-13  5.499E-13  1.045E-12  1.617E-12  2.217E-12  2.816E-12  3.397E-12  3.949E-12  4.470E-12  5.629E-12  6.603E-12
    30     9     2  1.421E-15  1.476E-15  1.591E-15  1.714E-15  1.844E-15  1.982E-15  2.128E-15  2.284E-15  2.448E-15  2.622E-15  2.806E-15  3.889E-15  5.283E-15  7.048E-15  9.245E-15  1.194E-14  1.520E-14  1.909E-14  2.370E-14  2.907E-14  3.530E-14  4.244E-14  5.056E-14  5.973E-14  7.001E-14  8.147E-14  9.414E-14  1.081E-13  1.234E-13  7.459E-13  1.939E-12  3.503E-12  5.235E-12  7.000E-12  8.722E-12  1.036E-11  1.190E-11  1.334E-11  1.648E-11  1.909E-11
    31     9     3  6.731E-15  6.970E-15  7.470E-15  7.997E-15  8.554E-15  9.141E-15  9.760E-15  1.041E-14  1.110E-14  1.182E-14  1.257E-14  1.695E-14  2.242E-14  2.914E-14  3.729E-14  4.703E-14  5.853E-14  7.194E-14  8.744E-14  1.052E-13  1.253E-13  1.479E-13  1.731E-13  2.011E-13  2.320E-13  2.658E-13  3.026E-13  3.426E-13  3.857E-13  1.923E-12  4.498E-12  7.600E-12  1.085E-11  1.403E-11  1.704E-11  1.984E-11  2.243E-11  2.480E-11  2.991E-11  3.404E-11
    32     9     4  2.925E-14  3.019E-14  3.215E-14  3.420E-14  3.634E-14  3.859E-14  4.095E-14  4.340E-14  4.597E-14  4.866E-14  5.145E-14  6.727E-14  8.642E-14  1.092E-13  1.361E-13  1.672E-13  2.030E-13  2.437E-13  2.895E-13  3.407E-13  3.975E-13  4.600E-13  5.283E-13  6.026E-13  6.830E-13  7.694E-13  8.620E-13  9.607E-13  1.066E-12  4.308E-12  8.972E-12  1.409E-11  1.913E-11  2.385E-11  2.818E-11  3.211E-11  3.566E-11  3.886E-11  4.561E-11  5.095E-11
    33     9     5  1.261E-13  1.297E-13  1.372E-13  1.449E-13  1.530E-13  1.614E-13  1.701E-13  1.791E-13  1.885E-13  1.982E-13  2.082E-13  2.637E-13  3.286E-13  4.034E-13  4.886E-13  5.845E-13  6.916E-13  8.101E-13  9.401E-13  1.082E-12  1.235E-12  1.400E-12  1.577E-12  1.765E-12  1.964E-12  2.175E-12  2.396E-12  2.628E-12  2.870E-12  9.348E-12  1.729E-11  2.519E-11  3.249E-11  3.903E-11  4.482E-11  4.993E-11  5.446E-11  5.848E-11  6.676E-11  7.315E-11
    34     9     6  5.717E-13  5.859E-13  6.150E-13  6.451E-13  6.760E-13  7.080E-13  7.408E-13  7.746E-13  8.094E-13  8.452E-13  8.819E-13  1.080E-12  1.304E-12  1.552E-12  1.826E-12  2.125E-12  2.449E-12  2.797E-12  3.169E-12  3.564E-12  3.982E-12  4.421E-12  4.880E-12  5.359E-12  5.857E-12  6.372E-12  6.904E-12  7.452E-12  8.014E-12  2.108E-11  3.469E-11  4.700E-11  5.766E-11  6.679E-11  7.461E-11  8.135E-11  8.719E-11  9.229E-11  1.026E-10  1.103E-10
    35     9     7  3.007E-12  3.070E-12  3.198E-12  3.328E-12  3.461E-12  3.597E-12  3.736E-12  3.877E-12  4.021E-12  4.167E-12  4.317E-12  5.101E-12  5.948E-12  6.852E-12  7.812E-12  8.822E-12  9.879E-12  1.098E-11  1.212E-11  1.329E-11  1.450E-11  1.573E-11  1.699E-11  1.827E-11  1.957E-11  2.088E-11  2.221E-11  2.355E-11  2.490E-11  5.164E-11  7.461E-11  9.315E-11  1.080E-10  1.201E-10  1.301E-10  1.385E-10  1.455E-10  1.516E-10  1.634E-10  1.721E-10
    36     9     8  2.342E-11  2.379E-11  2.453E-11  2.529E-11  2.605E-11  2.682E-11  2.759E-11  2.837E-11  2.916E-11  2.995E-11  3.075E-11  3.483E-11  3.901E-11  4.329E-11  4.764E-11  5.204E-11  5.647E-11  6.092E-11  6.537E-11  6.982E-11  7.426E-11  7.867E-11  8.306E-11  8.740E-11  9.171E-11  9.596E-11  1.002E-10  1.043E-10  1.084E-10  1.780E-10  2.273E-10  2.628E-10  2.894E-10  3.099E-10  3.262E-10  3.395E-10  3.504E-10  3.597E-10  3.774E-10  3.900E-10
